,Unnamed: 0,x,y,MonthYear,Zscore,Year,Month,Hotspot Prob
0,144473,-70.0894881675058,44.1720043455534,2016-10-01,-5.44035121502733,2016,10,10.030764433066253
1,144474,-70.0891131675058,44.1720043455534,2016-10-01,-5.02905781023705,2016,10,10.030764433066253
2,144475,-70.0898631675058,44.1717343455534,2016-10-01,-4.92951226234436,2016,10,10.030764433066253
3,144476,-70.0894881675058,44.1717343455534,2016-10-01,-5.43331135283082,2016,10,10.030764433066253
4,144477,-70.0891131675058,44.1717343455534,2016-10-01,-5.03501205221164,2016,10,10.030764433066253
5,144478,-70.0906131675058,44.1714643455534,2016-10-01,-4.86423802375793,2016,10,10.030764433066253
6,144479,-70.0902381675058,44.1714643455534,2016-10-01,-5.8679833934138,2016,10,10.030764433066253
7,144480,-70.0898631675058,44.1714643455534,2016-10-01,-5.98934503164221,2016,10,10.030764433066253
8,144481,-70.0894881675058,44.1714643455534,2016-10-01,-6.45433824259198,2016,10,10.030764433066253
9,144482,-70.0891131675058,44.1714643455534,2016-10-01,-6.16675867473842,2016,10,10.030764433066253
10,144483,-70.0887381675058,44.1714643455534,2016-10-01,-6.0282461432662,2016,10,10.030764433066253
11,144484,-70.0883631675058,44.1714643455534,2016-10-01,-5.01752994665166,2016,10,10.030764433066253
12,144485,-70.0909881675058,44.1711943455534,2016-10-01,-4.89483737945557,2016,10,10.030764433066253
13,144486,-70.0906131675058,44.1711943455534,2016-10-01,-5.83901399070539,2016,10,10.030764433066253
14,144487,-70.0902381675058,44.1711943455534,2016-10-01,-6.4979478395761,2016,10,10.030764433066253
15,144488,-70.0898631675058,44.1711943455534,2016-10-01,-6.80000354059249,2016,10,10.030764433066253
16,144489,-70.0894881675058,44.1711943455534,2016-10-01,-7.0369379055076,2016,10,10.030764433066253
17,144490,-70.0891131675058,44.1711943455534,2016-10-01,-7.04459773646703,2016,10,10.030764433066253
18,144491,-70.0887381675058,44.1711943455534,2016-10-01,-6.81750158178976,2016,10,10.030764433066253
19,144492,-70.0883631675058,44.1711943455534,2016-10-01,-6.19860798052346,2016,10,10.030764433066253
20,144493,-70.0879881675058,44.1711943455534,2016-10-01,-5.95192186931609,2016,10,10.030764433066253
21,144494,-70.0876131675058,44.1711943455534,2016-10-01,-5.30267318588037,2016,10,10.030764433066253
22,144495,-70.0872381675058,44.1711943455534,2016-10-01,-4.1173773551207,2016,10,10.030764433066253
23,144496,-70.0909881675058,44.1709243455534,2016-10-01,-5.28588259223774,2016,10,10.030764433066253
24,144497,-70.0906131675058,44.1709243455534,2016-10-01,-6.62417450488505,2016,10,10.030764433066253
25,144498,-70.0902381675058,44.1709243455534,2016-10-01,-6.79318458862937,2016,10,10.030764433066253
26,144499,-70.0898631675058,44.1709243455534,2016-10-01,-6.85883009428034,2016,10,10.030764433066253
27,144500,-70.0894881675058,44.1709243455534,2016-10-01,-7.02887243636988,2016,10,10.030764433066253
28,144501,-70.0891131675058,44.1709243455534,2016-10-01,-7.17681938299898,2016,10,10.030764433066253
29,144502,-70.0887381675058,44.1709243455534,2016-10-01,-7.18653106312726,2016,10,10.030764433066253
30,144503,-70.0883631675058,44.1709243455534,2016-10-01,-7.02529190948435,2016,10,10.030764433066253
31,144504,-70.0879881675058,44.1709243455534,2016-10-01,-6.74119000773478,2016,10,10.030764433066253
32,144505,-70.0876131675058,44.1709243455534,2016-10-01,-6.41615907823522,2016,10,10.030764433066253
33,144506,-70.0872381675058,44.1709243455534,2016-10-01,-5.50604119668884,2016,10,10.030764433066253
34,144507,-70.0868631675058,44.1709243455534,2016-10-01,-4.9741565890707,2016,10,10.030764433066253
35,144508,-70.0909881675058,44.1706543455534,2016-10-01,-5.60703513242988,2016,10,10.030764433066253
36,144509,-70.0906131675058,44.1706543455534,2016-10-01,-6.78567476692647,2016,10,10.030764433066253
37,144510,-70.0902381675058,44.1706543455534,2016-10-01,-6.79568299752153,2016,10,10.030764433066253
38,144511,-70.0898631675058,44.1706543455534,2016-10-01,-6.71758589772502,2016,10,10.030764433066253
39,144512,-70.0894881675058,44.1706543455534,2016-10-01,-6.87210284683128,2016,10,10.030764433066253
40,144513,-70.0891131675058,44.1706543455534,2016-10-01,-7.06791876708788,2016,10,10.030764433066253
41,144514,-70.0887381675058,44.1706543455534,2016-10-01,-7.1773470671734,2016,10,10.030764433066253
42,144515,-70.0883631675058,44.1706543455534,2016-10-01,-7.21892818338594,2016,10,10.030764433066253
43,144516,-70.0879881675058,44.1706543455534,2016-10-01,-7.15421089657843,2016,10,10.030764433066253
44,144517,-70.0876131675058,44.1706543455534,2016-10-01,-7.02176837922427,2016,10,10.030764433066253
45,144518,-70.0872381675058,44.1706543455534,2016-10-01,-6.48934802295322,2016,10,10.030764433066253
46,144519,-70.0868631675058,44.1706543455534,2016-10-01,-6.07838415428313,2016,10,10.030764433066253
47,144520,-70.0864881675058,44.1706543455534,2016-10-01,-5.10011841418713,2016,10,10.030764433066253
48,144521,-70.0909881675058,44.1703843455534,2016-10-01,-5.73259528534962,2016,10,10.030764433066253
49,144522,-70.0906131675058,44.1703843455534,2016-10-01,-6.87942134313326,2016,10,10.030764433066253
50,144523,-70.0902381675058,44.1703843455534,2016-10-01,-6.83646994934098,2016,10,10.030764433066253
51,144524,-70.0898631675058,44.1703843455534,2016-10-01,-6.66323500126504,2016,10,10.030764433066253
52,144525,-70.0894881675058,44.1703843455534,2016-10-01,-6.7179068522433,2016,10,10.030764433066253
53,144526,-70.0891131675058,44.1703843455534,2016-10-01,-6.91194743401278,2016,10,10.030764433066253
54,144527,-70.0887381675058,44.1703843455534,2016-10-01,-7.0632538442794,2016,10,10.030764433066253
55,144528,-70.0883631675058,44.1703843455534,2016-10-01,-7.1805301767699,2016,10,10.030764433066253
56,144529,-70.0879881675058,44.1703843455534,2016-10-01,-7.21036550576878,2016,10,10.030764433066253
57,144530,-70.0876131675058,44.1703843455534,2016-10-01,-7.18414227239327,2016,10,10.030764433066253
58,144531,-70.0872381675058,44.1703843455534,2016-10-01,-7.06090950491258,2016,10,10.030764433066253
59,144532,-70.0868631675058,44.1703843455534,2016-10-01,-6.86368135832225,2016,10,10.030764433066253
60,144533,-70.0864881675058,44.1703843455534,2016-10-01,-6.2871346727518,2016,10,10.030764433066253
61,144534,-70.0861131675058,44.1703843455534,2016-10-01,-6.00734854581088,2016,10,10.030764433066253
62,144535,-70.0857381675058,44.1703843455534,2016-10-01,-5.49036773997611,2016,10,10.030764433066253
63,144536,-70.0853631675058,44.1703843455534,2016-10-01,-4.95181859574254,2016,10,10.030764433066253
64,144537,-70.0909881675058,44.1701143455534,2016-10-01,-6.12112726607392,2016,10,10.030764433066253
65,144538,-70.0906131675058,44.1701143455534,2016-10-01,-7.00806280824887,2016,10,10.030764433066253
66,144539,-70.0902381675058,44.1701143455534,2016-10-01,-6.89690767171555,2016,10,10.030764433066253
67,144540,-70.0898631675058,44.1701143455534,2016-10-01,-6.70182899386783,2016,10,10.030764433066253
68,144541,-70.0894881675058,44.1701143455534,2016-10-01,-6.65286720029275,2016,10,10.030764433066253
69,144542,-70.0891131675058,44.1701143455534,2016-10-01,-6.79541923962924,2016,10,10.030764433066253
70,144543,-70.0887381675058,44.1701143455534,2016-10-01,-6.94994958168901,2016,10,10.030764433066253
71,144544,-70.0883631675058,44.1701143455534,2016-10-01,-7.11272118505891,2016,10,10.030764433066253
72,144545,-70.0879881675058,44.1701143455534,2016-10-01,-7.20861634218449,2016,10,10.030764433066253
73,144546,-70.0876131675058,44.1701143455534,2016-10-01,-7.23988172275172,2016,10,10.030764433066253
74,144547,-70.0872381675058,44.1701143455534,2016-10-01,-7.21908594271082,2016,10,10.030764433066253
75,144548,-70.0868631675058,44.1701143455534,2016-10-01,-7.13366620127233,2016,10,10.030764433066253
76,144549,-70.0864881675058,44.1701143455534,2016-10-01,-6.95508574975618,2016,10,10.030764433066253
77,144550,-70.0861131675058,44.1701143455534,2016-10-01,-6.76578540232331,2016,10,10.030764433066253
78,144551,-70.0857381675058,44.1701143455534,2016-10-01,-6.60615149971308,2016,10,10.030764433066253
79,144552,-70.0853631675058,44.1701143455534,2016-10-01,-6.18936515820971,2016,10,10.030764433066253
80,144553,-70.0849881675058,44.1701143455534,2016-10-01,-5.93325349999369,2016,10,10.030764433066253
81,144554,-70.0846131675058,44.1701143455534,2016-10-01,-4.4576966666448,2016,10,10.030764433066253
82,144555,-70.0917381675058,44.1698443455534,2016-10-01,-4.44121503829956,2016,10,10.030764433066253
83,144556,-70.0913631675058,44.1698443455534,2016-10-01,-6.06156571821384,2016,10,10.030764433066253
84,144557,-70.0909881675058,44.1698443455534,2016-10-01,-6.6214690198541,2016,10,10.030764433066253
85,144558,-70.0906131675058,44.1698443455534,2016-10-01,-7.1271980446702,2016,10,10.030764433066253
86,144559,-70.0902381675058,44.1698443455534,2016-10-01,-6.98692780305913,2016,10,10.030764433066253
87,144560,-70.0898631675058,44.1698443455534,2016-10-01,-6.78851565190261,2016,10,10.030764433066253
88,144561,-70.0894881675058,44.1698443455534,2016-10-01,-6.67916908350497,2016,10,10.030764433066253
89,144562,-70.0891131675058,44.1698443455534,2016-10-01,-6.78579695170796,2016,10,10.030764433066253
90,144563,-70.0887381675058,44.1698443455534,2016-10-01,-6.93690518769221,2016,10,10.030764433066253
91,144564,-70.0883631675058,44.1698443455534,2016-10-01,-7.10256757689329,2016,10,10.030764433066253
92,144565,-70.0879881675058,44.1698443455534,2016-10-01,-7.22728637570045,2016,10,10.030764433066253
93,144566,-70.0876131675058,44.1698443455534,2016-10-01,-7.26128082704447,2016,10,10.030764433066253
94,144567,-70.0872381675058,44.1698443455534,2016-10-01,-7.22101171523906,2016,10,10.030764433066253
95,144568,-70.0868631675058,44.1698443455534,2016-10-01,-7.13036718152099,2016,10,10.030764433066253
96,144569,-70.0864881675058,44.1698443455534,2016-10-01,-7.08037108374875,2016,10,10.030764433066253
97,144570,-70.0861131675058,44.1698443455534,2016-10-01,-7.03740135705602,2016,10,10.030764433066253
98,144571,-70.0857381675058,44.1698443455534,2016-10-01,-7.01789543965871,2016,10,10.030764433066253
99,144572,-70.0853631675058,44.1698443455534,2016-10-01,-6.91677584409233,2016,10,10.030764433066253
100,144573,-70.0849881675058,44.1698443455534,2016-10-01,-6.78395224948887,2016,10,10.030764433066253
101,144574,-70.0846131675058,44.1698443455534,2016-10-01,-5.85389661919507,2016,10,10.030764433066253
102,144575,-70.0842381675058,44.1698443455534,2016-10-01,-5.1732557013739,2016,10,10.030764433066253
103,144576,-70.0917381675058,44.1695743455534,2016-10-01,-5.56915105657561,2016,10,10.030764433066253
104,144577,-70.0913631675058,44.1695743455534,2016-10-01,-6.75106366301283,2016,10,10.030764433066253
105,144578,-70.0909881675058,44.1695743455534,2016-10-01,-7.15303681533848,2016,10,10.030764433066253
106,144579,-70.0906131675058,44.1695743455534,2016-10-01,-7.23799337023506,2016,10,10.030764433066253
107,144580,-70.0902381675058,44.1695743455534,2016-10-01,-7.06168406429202,2016,10,10.030764433066253
108,144581,-70.0898631675058,44.1695743455534,2016-10-01,-6.87404251633199,2016,10,10.030764433066253
109,144582,-70.0894881675058,44.1695743455534,2016-10-01,-6.77246931505426,2016,10,10.030764433066253
110,144583,-70.0891131675058,44.1695743455534,2016-10-01,-6.83238003034652,2016,10,10.030764433066253
111,144584,-70.0887381675058,44.1695743455534,2016-10-01,-6.98166006715692,2016,10,10.030764433066253
112,144585,-70.0883631675058,44.1695743455534,2016-10-01,-7.12433515793582,2016,10,10.030764433066253
113,144586,-70.0879881675058,44.1695743455534,2016-10-01,-7.23640453901945,2016,10,10.030764433066253
114,144587,-70.0876131675058,44.1695743455534,2016-10-01,-7.25640397250504,2016,10,10.030764433066253
115,144588,-70.0872381675058,44.1695743455534,2016-10-01,-7.21150588369044,2016,10,10.030764433066253
116,144589,-70.0868631675058,44.1695743455534,2016-10-01,-7.14205694195916,2016,10,10.030764433066253
117,144590,-70.0864881675058,44.1695743455534,2016-10-01,-7.13224266323642,2016,10,10.030764433066253
118,144591,-70.0861131675058,44.1695743455534,2016-10-01,-7.13723107635436,2016,10,10.030764433066253
119,144592,-70.0857381675058,44.1695743455534,2016-10-01,-7.11459023618767,2016,10,10.030764433066253
120,144593,-70.0853631675058,44.1695743455534,2016-10-01,-7.04516430945885,2016,10,10.030764433066253
121,144594,-70.0849881675058,44.1695743455534,2016-10-01,-6.97540359113306,2016,10,10.030764433066253
122,144595,-70.0846131675058,44.1695743455534,2016-10-01,-6.48694655044314,2016,10,10.030764433066253
123,144596,-70.0842381675058,44.1695743455534,2016-10-01,-6.01982104003983,2016,10,10.030764433066253
124,144597,-70.0838631675058,44.1695743455534,2016-10-01,-4.9629121552814,2016,10,10.030764433066253
125,144598,-70.0921131675058,44.1693043455534,2016-10-01,-5.11984062194824,2016,10,10.030764433066253
126,144599,-70.0917381675058,44.1693043455534,2016-10-01,-6.39332923296928,2016,10,10.030764433066253
127,144600,-70.0913631675058,44.1693043455534,2016-10-01,-7.23706642970199,2016,10,10.030764433066253
128,144601,-70.0909881675058,44.1693043455534,2016-10-01,-7.39488064161316,2016,10,10.030764433066253
129,144602,-70.0906131675058,44.1693043455534,2016-10-01,-7.31498754366481,2016,10,10.030764433066253
130,144603,-70.0902381675058,44.1693043455534,2016-10-01,-7.14680043892242,2016,10,10.030764433066253
131,144604,-70.0898631675058,44.1693043455534,2016-10-01,-6.99562245487475,2016,10,10.030764433066253
132,144605,-70.0894881675058,44.1693043455534,2016-10-01,-6.93360443424522,2016,10,10.030764433066253
133,144606,-70.0891131675058,44.1693043455534,2016-10-01,-6.95899415996436,2016,10,10.030764433066253
134,144607,-70.0887381675058,44.1693043455534,2016-10-01,-7.05399572342708,2016,10,10.030764433066253
135,144608,-70.0883631675058,44.1693043455534,2016-10-01,-7.13725942950594,2016,10,10.030764433066253
136,144609,-70.0879881675058,44.1693043455534,2016-10-01,-7.21778013929584,2016,10,10.030764433066253
137,144610,-70.0876131675058,44.1693043455534,2016-10-01,-7.19091097739976,2016,10,10.030764433066253
138,144611,-70.0872381675058,44.1693043455534,2016-10-01,-7.09740478983725,2016,10,10.030764433066253
139,144612,-70.0868631675058,44.1693043455534,2016-10-01,-7.00709143506112,2016,10,10.030764433066253
140,144613,-70.0864881675058,44.1693043455534,2016-10-01,-6.99931482940712,2016,10,10.030764433066253
141,144614,-70.0861131675058,44.1693043455534,2016-10-01,-7.11351087656589,2016,10,10.030764433066253
142,144615,-70.0857381675058,44.1693043455534,2016-10-01,-7.1849309768387,2016,10,10.030764433066253
143,144616,-70.0853631675058,44.1693043455534,2016-10-01,-7.16737853044604,2016,10,10.030764433066253
144,144617,-70.0849881675058,44.1693043455534,2016-10-01,-7.09841846584255,2016,10,10.030764433066253
145,144618,-70.0846131675058,44.1693043455534,2016-10-01,-6.96033414484002,2016,10,10.030764433066253
146,144619,-70.0842381675058,44.1693043455534,2016-10-01,-6.82059870867353,2016,10,10.030764433066253
147,144620,-70.0838631675058,44.1693043455534,2016-10-01,-6.30332278028368,2016,10,10.030764433066253
148,144621,-70.0834881675058,44.1693043455534,2016-10-01,-5.47163177153288,2016,10,10.030764433066253
149,144622,-70.0921131675058,44.1690343455534,2016-10-01,-5.13850617911614,2016,10,10.030764433066253
150,144623,-70.0917381675058,44.1690343455534,2016-10-01,-6.56564193843616,2016,10,10.030764433066253
151,144624,-70.0913631675058,44.1690343455534,2016-10-01,-7.31137678222244,2016,10,10.030764433066253
152,144625,-70.0909881675058,44.1690343455534,2016-10-01,-7.43185125240843,2016,10,10.030764433066253
153,144626,-70.0906131675058,44.1690343455534,2016-10-01,-7.36978309948365,2016,10,10.030764433066253
154,144627,-70.0902381675058,44.1690343455534,2016-10-01,-7.2501302332549,2016,10,10.030764433066253
155,144628,-70.0898631675058,44.1690343455534,2016-10-01,-7.13920758504612,2016,10,10.030764433066253
156,144629,-70.0894881675058,44.1690343455534,2016-10-01,-7.08233187957893,2016,10,10.030764433066253
157,144630,-70.0891131675058,44.1690343455534,2016-10-01,-7.08227377882924,2016,10,10.030764433066253
158,144631,-70.0887381675058,44.1690343455534,2016-10-01,-7.11977881949448,2016,10,10.030764433066253
159,144632,-70.0883631675058,44.1690343455534,2016-10-01,-7.15074119246182,2016,10,10.030764433066253
160,144633,-70.0879881675058,44.1690343455534,2016-10-01,-7.20485446184954,2016,10,10.030764433066253
161,144634,-70.0876131675058,44.1690343455534,2016-10-01,-7.14914877250814,2016,10,10.030764433066253
162,144635,-70.0872381675058,44.1690343455534,2016-10-01,-6.97627121963347,2016,10,10.030764433066253
163,144636,-70.0868631675058,44.1690343455534,2016-10-01,-6.78991921418473,2016,10,10.030764433066253
164,144637,-70.0864881675058,44.1690343455534,2016-10-01,-6.67165602412383,2016,10,10.030764433066253
165,144638,-70.0861131675058,44.1690343455534,2016-10-01,-6.82346110743046,2016,10,10.030764433066253
166,144639,-70.0857381675058,44.1690343455534,2016-10-01,-7.03588148541951,2016,10,10.030764433066253
167,144640,-70.0853631675058,44.1690343455534,2016-10-01,-7.17723198619064,2016,10,10.030764433066253
168,144641,-70.0849881675058,44.1690343455534,2016-10-01,-7.17861470123746,2016,10,10.030764433066253
169,144642,-70.0846131675058,44.1690343455534,2016-10-01,-7.12657772899373,2016,10,10.030764433066253
170,144643,-70.0842381675058,44.1690343455534,2016-10-01,-7.05685359220314,2016,10,10.030764433066253
171,144644,-70.0838631675058,44.1690343455534,2016-10-01,-6.90343947173216,2016,10,10.030764433066253
172,144645,-70.0834881675058,44.1690343455534,2016-10-01,-6.38396843074024,2016,10,10.030764433066253
173,144646,-70.0831131675058,44.1690343455534,2016-10-01,-5.74090268464035,2016,10,10.030764433066253
174,144647,-70.0827381675058,44.1690343455534,2016-10-01,-4.32750772213684,2016,10,10.030764433066253
175,144648,-70.0917381675058,44.1687643455534,2016-10-01,-6.33837492862208,2016,10,10.030764433066253
176,144649,-70.0913631675058,44.1687643455534,2016-10-01,-7.2882145898163,2016,10,10.030764433066253
177,144650,-70.0909881675058,44.1687643455534,2016-10-01,-7.45137429397372,2016,10,10.030764433066253
178,144651,-70.0906131675058,44.1687643455534,2016-10-01,-7.40243379269839,2016,10,10.030764433066253
179,144652,-70.0902381675058,44.1687643455534,2016-10-01,-7.32953322622964,2016,10,10.030764433066253
180,144653,-70.0898631675058,44.1687643455534,2016-10-01,-7.26873811277305,2016,10,10.030764433066253
181,144654,-70.0894881675058,44.1687643455534,2016-10-01,-7.23173760314884,2016,10,10.030764433066253
182,144655,-70.0891131675058,44.1687643455534,2016-10-01,-7.1921839388737,2016,10,10.030764433066253
183,144656,-70.0887381675058,44.1687643455534,2016-10-01,-7.17492237831772,2016,10,10.030764433066253
184,144657,-70.0883631675058,44.1687643455534,2016-10-01,-7.14569392188383,2016,10,10.030764433066253
185,144658,-70.0879881675058,44.1687643455534,2016-10-01,-7.16199898720525,2016,10,10.030764433066253
186,144659,-70.0876131675058,44.1687643455534,2016-10-01,-7.1096460228154,2016,10,10.030764433066253
187,144660,-70.0872381675058,44.1687643455534,2016-10-01,-6.84250935005299,2016,10,10.030764433066253
188,144661,-70.0868631675058,44.1687643455534,2016-10-01,-6.48620097003018,2016,10,10.030764433066253
189,144662,-70.0864881675058,44.1687643455534,2016-10-01,-6.17857762996813,2016,10,10.030764433066253
190,144663,-70.0861131675058,44.1687643455534,2016-10-01,-6.25681651059536,2016,10,10.030764433066253
191,144664,-70.0857381675058,44.1687643455534,2016-10-01,-6.59616481618665,2016,10,10.030764433066253
192,144665,-70.0853631675058,44.1687643455534,2016-10-01,-6.9774870258493,2016,10,10.030764433066253
193,144666,-70.0849881675058,44.1687643455534,2016-10-01,-7.14837220254801,2016,10,10.030764433066253
194,144667,-70.0846131675058,44.1687643455534,2016-10-01,-7.15170928936394,2016,10,10.030764433066253
195,144668,-70.0842381675058,44.1687643455534,2016-10-01,-7.08861570244625,2016,10,10.030764433066253
196,144669,-70.0838631675058,44.1687643455534,2016-10-01,-6.99788376308512,2016,10,10.030764433066253
197,144670,-70.0834881675058,44.1687643455534,2016-10-01,-6.85190888688142,2016,10,10.030764433066253
198,144671,-70.0831131675058,44.1687643455534,2016-10-01,-6.56902599060515,2016,10,10.030764433066253
199,144672,-70.0827381675058,44.1687643455534,2016-10-01,-5.35806256755352,2016,10,10.030764433066253
200,144673,-70.0823631675058,44.1687643455534,2016-10-01,-4.67919803798265,2016,10,10.030764433066253
201,144674,-70.0917381675058,44.1684943455534,2016-10-01,-6.144446755644,2016,10,10.030764433066253
202,144675,-70.0913631675058,44.1684943455534,2016-10-01,-7.19797578160433,2016,10,10.030764433066253
203,144676,-70.0909881675058,44.1684943455534,2016-10-01,-7.47820680365587,2016,10,10.030764433066253
204,144677,-70.0906131675058,44.1684943455534,2016-10-01,-7.44164092456785,2016,10,10.030764433066253
205,144678,-70.0902381675058,44.1684943455534,2016-10-01,-7.40022642837825,2016,10,10.030764433066253
206,144679,-70.0898631675058,44.1684943455534,2016-10-01,-7.36853179520385,2016,10,10.030764433066253
207,144680,-70.0894881675058,44.1684943455534,2016-10-01,-7.35023558107321,2016,10,10.030764433066253
208,144681,-70.0891131675058,44.1684943455534,2016-10-01,-7.27891897727538,2016,10,10.030764433066253
209,144682,-70.0887381675058,44.1684943455534,2016-10-01,-7.23194418611654,2016,10,10.030764433066253
210,144683,-70.0883631675058,44.1684943455534,2016-10-01,-7.17854089250663,2016,10,10.030764433066253
211,144684,-70.0879881675058,44.1684943455534,2016-10-01,-7.17061452024022,2016,10,10.030764433066253
212,144685,-70.0876131675058,44.1684943455534,2016-10-01,-7.12162713924549,2016,10,10.030764433066253
213,144686,-70.0872381675058,44.1684943455534,2016-10-01,-6.80473220188807,2016,10,10.030764433066253
214,144687,-70.0868631675058,44.1684943455534,2016-10-01,-6.29631255392215,2016,10,10.030764433066253
215,144688,-70.0864881675058,44.1684943455534,2016-10-01,-5.80565870093599,2016,10,10.030764433066253
216,144689,-70.0861131675058,44.1684943455534,2016-10-01,-5.73717812612078,2016,10,10.030764433066253
217,144690,-70.0857381675058,44.1684943455534,2016-10-01,-6.02032050463354,2016,10,10.030764433066253
218,144691,-70.0853631675058,44.1684943455534,2016-10-01,-6.44781141992252,2016,10,10.030764433066253
219,144692,-70.0849881675058,44.1684943455534,2016-10-01,-6.79812619047416,2016,10,10.030764433066253
220,144693,-70.0846131675058,44.1684943455534,2016-10-01,-6.95973759240219,2016,10,10.030764433066253
221,144694,-70.0842381675058,44.1684943455534,2016-10-01,-6.97411414987623,2016,10,10.030764433066253
222,144695,-70.0838631675058,44.1684943455534,2016-10-01,-6.93394148333084,2016,10,10.030764433066253
223,144696,-70.0834881675058,44.1684943455534,2016-10-01,-6.90376386465694,2016,10,10.030764433066253
224,144697,-70.0831131675058,44.1684943455534,2016-10-01,-6.80650683656022,2016,10,10.030764433066253
225,144698,-70.0827381675058,44.1684943455534,2016-10-01,-6.03246270666624,2016,10,10.030764433066253
226,144699,-70.0823631675058,44.1684943455534,2016-10-01,-5.57809405851978,2016,10,10.030764433066253
227,144700,-70.0917381675058,44.1682243455534,2016-10-01,-6.25049939947503,2016,10,10.030764433066253
228,144701,-70.0913631675058,44.1682243455534,2016-10-01,-7.21871578612797,2016,10,10.030764433066253
229,144702,-70.0909881675058,44.1682243455534,2016-10-01,-7.48966287669588,2016,10,10.030764433066253
230,144703,-70.0906131675058,44.1682243455534,2016-10-01,-7.45912586521648,2016,10,10.030764433066253
231,144704,-70.0902381675058,44.1682243455534,2016-10-01,-7.44003487774028,2016,10,10.030764433066253
232,144705,-70.0898631675058,44.1682243455534,2016-10-01,-7.41505856034536,2016,10,10.030764433066253
233,144706,-70.0894881675058,44.1682243455534,2016-10-01,-7.39844378542483,2016,10,10.030764433066253
234,144707,-70.0891131675058,44.1682243455534,2016-10-01,-7.33189915959415,2016,10,10.030764433066253
235,144708,-70.0887381675058,44.1682243455534,2016-10-01,-7.2586650114201,2016,10,10.030764433066253
236,144709,-70.0883631675058,44.1682243455534,2016-10-01,-7.19704729929177,2016,10,10.030764433066253
237,144710,-70.0879881675058,44.1682243455534,2016-10-01,-7.16396959917534,2016,10,10.030764433066253
238,144711,-70.0876131675058,44.1682243455534,2016-10-01,-7.10641766129787,2016,10,10.030764433066253
239,144712,-70.0872381675058,44.1682243455534,2016-10-01,-6.80060243134522,2016,10,10.030764433066253
240,144713,-70.0868631675058,44.1682243455534,2016-10-01,-6.28433676251883,2016,10,10.030764433066253
241,144714,-70.0864881675058,44.1682243455534,2016-10-01,-5.70030309714178,2016,10,10.030764433066253
242,144715,-70.0861131675058,44.1682243455534,2016-10-01,-5.39930070439187,2016,10,10.030764433066253
243,144716,-70.0857381675058,44.1682243455534,2016-10-01,-5.40626421690035,2016,10,10.030764433066253
244,144717,-70.0853631675058,44.1682243455534,2016-10-01,-5.6029852851336,2016,10,10.030764433066253
245,144718,-70.0849881675058,44.1682243455534,2016-10-01,-5.96184772114369,2016,10,10.030764433066253
246,144719,-70.0846131675058,44.1682243455534,2016-10-01,-6.28677992557491,2016,10,10.030764433066253
247,144720,-70.0842381675058,44.1682243455534,2016-10-01,-6.52678286029191,2016,10,10.030764433066253
248,144721,-70.0838631675058,44.1682243455534,2016-10-01,-6.60434276825449,2016,10,10.030764433066253
249,144722,-70.0834881675058,44.1682243455534,2016-10-01,-6.63714849435359,2016,10,10.030764433066253
250,144723,-70.0831131675058,44.1682243455534,2016-10-01,-6.66945234755884,2016,10,10.030764433066253
251,144724,-70.0827381675058,44.1682243455534,2016-10-01,-6.36511927842754,2016,10,10.030764433066253
252,144725,-70.0823631675058,44.1682243455534,2016-10-01,-5.85670949146587,2016,10,10.030764433066253
253,144726,-70.0819881675058,44.1682243455534,2016-10-01,-4.4565838372044,2016,10,10.030764433066253
254,144727,-70.0921131675058,44.1679543455534,2016-10-01,-5.30359768867493,2016,10,10.030764433066253
255,144728,-70.0917381675058,44.1679543455534,2016-10-01,-6.44970579547302,2016,10,10.030764433066253
256,144729,-70.0913631675058,44.1679543455534,2016-10-01,-7.33680152664796,2016,10,10.030764433066253
257,144730,-70.0909881675058,44.1679543455534,2016-10-01,-7.50033066002827,2016,10,10.030764433066253
258,144731,-70.0906131675058,44.1679543455534,2016-10-01,-7.47226246906833,2016,10,10.030764433066253
259,144732,-70.0902381675058,44.1679543455534,2016-10-01,-7.46203879696325,2016,10,10.030764433066253
260,144733,-70.0898631675058,44.1679543455534,2016-10-01,-7.4438384208396,2016,10,10.030764433066253
261,144734,-70.0894881675058,44.1679543455534,2016-10-01,-7.43031187970452,2016,10,10.030764433066253
262,144735,-70.0891131675058,44.1679543455534,2016-10-01,-7.38790023171069,2016,10,10.030764433066253
263,144736,-70.0887381675058,44.1679543455534,2016-10-01,-7.29924271642508,2016,10,10.030764433066253
264,144737,-70.0883631675058,44.1679543455534,2016-10-01,-7.2284919753397,2016,10,10.030764433066253
265,144738,-70.0879881675058,44.1679543455534,2016-10-01,-7.1680999445649,2016,10,10.030764433066253
266,144739,-70.0876131675058,44.1679543455534,2016-10-01,-7.09125892748442,2016,10,10.030764433066253
267,144740,-70.0872381675058,44.1679543455534,2016-10-01,-6.77952076055924,2016,10,10.030764433066253
268,144741,-70.0868631675058,44.1679543455534,2016-10-01,-6.30398049475041,2016,10,10.030764433066253
269,144742,-70.0864881675058,44.1679543455534,2016-10-01,-5.72488632482144,2016,10,10.030764433066253
270,144743,-70.0861131675058,44.1679543455534,2016-10-01,-5.27130015815787,2016,10,10.030764433066253
271,144744,-70.0857381675058,44.1679543455534,2016-10-01,-5.02390148968156,2016,10,10.030764433066253
272,144745,-70.0853631675058,44.1679543455534,2016-10-01,-4.96108839663254,2016,10,10.030764433066253
273,144746,-70.0849881675058,44.1679543455534,2016-10-01,-5.18139674389026,2016,10,10.030764433066253
274,144747,-70.0846131675058,44.1679543455534,2016-10-01,-5.45460998681167,2016,10,10.030764433066253
275,144748,-70.0842381675058,44.1679543455534,2016-10-01,-5.68812810356462,2016,10,10.030764433066253
276,144749,-70.0838631675058,44.1679543455534,2016-10-01,-5.8625986450013,2016,10,10.030764433066253
277,144750,-70.0834881675058,44.1679543455534,2016-10-01,-6.03441906888893,2016,10,10.030764433066253
278,144751,-70.0831131675058,44.1679543455534,2016-10-01,-6.18778858037987,2016,10,10.030764433066253
279,144752,-70.0827381675058,44.1679543455534,2016-10-01,-6.40498542993419,2016,10,10.030764433066253
280,144753,-70.0823631675058,44.1679543455534,2016-10-01,-6.47314487784659,2016,10,10.030764433066253
281,144754,-70.0819881675058,44.1679543455534,2016-10-01,-5.50887487905011,2016,10,10.030764433066253
282,144755,-70.0816131675058,44.1679543455534,2016-10-01,-4.78979594756826,2016,10,10.030764433066253
283,144756,-70.0921131675058,44.1676843455534,2016-10-01,-5.6455013100307,2016,10,10.030764433066253
284,144757,-70.0917381675058,44.1676843455534,2016-10-01,-6.88612076302748,2016,10,10.030764433066253
285,144758,-70.0913631675058,44.1676843455534,2016-10-01,-7.44430009539507,2016,10,10.030764433066253
286,144759,-70.0909881675058,44.1676843455534,2016-10-01,-7.4841407442769,2016,10,10.030764433066253
287,144760,-70.0906131675058,44.1676843455534,2016-10-01,-7.45729200658453,2016,10,10.030764433066253
288,144761,-70.0902381675058,44.1676843455534,2016-10-01,-7.44673406131593,2016,10,10.030764433066253
289,144762,-70.0898631675058,44.1676843455534,2016-10-01,-7.43597496885319,2016,10,10.030764433066253
290,144763,-70.0894881675058,44.1676843455534,2016-10-01,-7.42206147341905,2016,10,10.030764433066253
291,144764,-70.0891131675058,44.1676843455534,2016-10-01,-7.3944781607438,2016,10,10.030764433066253
292,144765,-70.0887381675058,44.1676843455534,2016-10-01,-7.31876189036487,2016,10,10.030764433066253
293,144766,-70.0883631675058,44.1676843455534,2016-10-01,-7.24680573403529,2016,10,10.030764433066253
294,144767,-70.0879881675058,44.1676843455534,2016-10-01,-7.1619378669734,2016,10,10.030764433066253
295,144768,-70.0876131675058,44.1676843455534,2016-10-01,-7.04786639578602,2016,10,10.030764433066253
296,144769,-70.0872381675058,44.1676843455534,2016-10-01,-6.73561377798675,2016,10,10.030764433066253
297,144770,-70.0868631675058,44.1676843455534,2016-10-01,-6.28089821953903,2016,10,10.030764433066253
298,144771,-70.0864881675058,44.1676843455534,2016-10-01,-5.76202225296718,2016,10,10.030764433066253
299,144772,-70.0861131675058,44.1676843455534,2016-10-01,-5.2448286417965,2016,10,10.030764433066253
300,144773,-70.0857381675058,44.1676843455534,2016-10-01,-4.79686384350988,2016,10,10.030764433066253
301,144774,-70.0853631675058,44.1676843455534,2016-10-01,-4.44199837213314,2016,10,10.030764433066253
302,144775,-70.0849881675058,44.1676843455534,2016-10-01,-4.31831580215102,2016,10,10.030764433066253
303,144776,-70.0846131675058,44.1676843455534,2016-10-01,-4.47893021552624,2016,10,10.030764433066253
304,144777,-70.0842381675058,44.1676843455534,2016-10-01,-4.72843958720553,2016,10,10.030764433066253
305,144778,-70.0838631675058,44.1676843455534,2016-10-01,-4.96191032764761,2016,10,10.030764433066253
306,144779,-70.0834881675058,44.1676843455534,2016-10-01,-5.27559721999322,2016,10,10.030764433066253
307,144780,-70.0831131675058,44.1676843455534,2016-10-01,-5.5768544829422,2016,10,10.030764433066253
308,144781,-70.0827381675058,44.1676843455534,2016-10-01,-5.98825588885828,2016,10,10.030764433066253
309,144782,-70.0823631675058,44.1676843455534,2016-10-01,-6.32249127994,2016,10,10.030764433066253
310,144783,-70.0819881675058,44.1676843455534,2016-10-01,-5.5393538317984,2016,10,10.030764433066253
311,144784,-70.0816131675058,44.1676843455534,2016-10-01,-5.23615081048137,2016,10,10.030764433066253
312,144785,-70.0921131675058,44.1674143455534,2016-10-01,-5.87136842016406,2016,10,10.030764433066253
313,144786,-70.0917381675058,44.1674143455534,2016-10-01,-7.02951939420378,2016,10,10.030764433066253
314,144787,-70.0913631675058,44.1674143455534,2016-10-01,-7.45708296040287,2016,10,10.030764433066253
315,144788,-70.0909881675058,44.1674143455534,2016-10-01,-7.44848609579151,2016,10,10.030764433066253
316,144789,-70.0906131675058,44.1674143455534,2016-10-01,-7.42480465267594,2016,10,10.030764433066253
317,144790,-70.0902381675058,44.1674143455534,2016-10-01,-7.41795405169605,2016,10,10.030764433066253
318,144791,-70.0898631675058,44.1674143455534,2016-10-01,-7.41081870738786,2016,10,10.030764433066253
319,144792,-70.0894881675058,44.1674143455534,2016-10-01,-7.40928302111833,2016,10,10.030764433066253
320,144793,-70.0891131675058,44.1674143455534,2016-10-01,-7.39857164660371,2016,10,10.030764433066253
321,144794,-70.0887381675058,44.1674143455534,2016-10-01,-7.34109820053411,2016,10,10.030764433066253
322,144795,-70.0883631675058,44.1674143455534,2016-10-01,-7.26356075718151,2016,10,10.030764433066253
323,144796,-70.0879881675058,44.1674143455534,2016-10-01,-7.14137819471007,2016,10,10.030764433066253
324,144797,-70.0876131675058,44.1674143455534,2016-10-01,-6.96120952885937,2016,10,10.030764433066253
325,144798,-70.0872381675058,44.1674143455534,2016-10-01,-6.63376981511904,2016,10,10.030764433066253
326,144799,-70.0868631675058,44.1674143455534,2016-10-01,-6.16794870325032,2016,10,10.030764433066253
327,144800,-70.0864881675058,44.1674143455534,2016-10-01,-5.65499001581945,2016,10,10.030764433066253
328,144801,-70.0861131675058,44.1674143455534,2016-10-01,-5.1707115163596,2016,10,10.030764433066253
329,144802,-70.0857381675058,44.1674143455534,2016-10-01,-4.7789201576659,2016,10,10.030764433066253
330,144803,-70.0853631675058,44.1674143455534,2016-10-01,-4.4468534418583,2016,10,10.030764433066253
331,144804,-70.0849881675058,44.1674143455534,2016-10-01,-4.15590907936228,2016,10,10.030764433066253
332,144805,-70.0846131675058,44.1674143455534,2016-10-01,-3.94779030111594,2016,10,10.030764433066253
333,144806,-70.0842381675058,44.1674143455534,2016-10-01,-3.94133532167007,2016,10,10.030764433066253
334,144807,-70.0838631675058,44.1674143455534,2016-10-01,-4.10050131844304,2016,10,10.030764433066253
335,144808,-70.0834881675058,44.1674143455534,2016-10-01,-4.45531658805935,2016,10,10.030764433066253
336,144809,-70.0831131675058,44.1674143455534,2016-10-01,-4.9030501912767,2016,10,10.030764433066253
337,144810,-70.0827381675058,44.1674143455534,2016-10-01,-5.44952873580256,2016,10,10.030764433066253
338,144811,-70.0823631675058,44.1674143455534,2016-10-01,-5.97868489776287,2016,10,10.030764433066253
339,144812,-70.0819881675058,44.1674143455534,2016-10-01,-5.62586862442458,2016,10,10.030764433066253
340,144813,-70.0816131675058,44.1674143455534,2016-10-01,-5.3680369576792,2016,10,10.030764433066253
341,144814,-70.0921131675058,44.1671443455534,2016-10-01,-5.12101918651886,2016,10,10.030764433066253
342,144815,-70.0917381675058,44.1671443455534,2016-10-01,-6.33201487762339,2016,10,10.030764433066253
343,144816,-70.0913631675058,44.1671443455534,2016-10-01,-7.03693704380717,2016,10,10.030764433066253
344,144817,-70.0909881675058,44.1671443455534,2016-10-01,-7.3287123074137,2016,10,10.030764433066253
345,144818,-70.0906131675058,44.1671443455534,2016-10-01,-7.38835382521989,2016,10,10.030764433066253
346,144819,-70.0902381675058,44.1671443455534,2016-10-01,-7.38725164323483,2016,10,10.030764433066253
347,144820,-70.0898631675058,44.1671443455534,2016-10-01,-7.38682454223864,2016,10,10.030764433066253
348,144821,-70.0894881675058,44.1671443455534,2016-10-01,-7.39225554173036,2016,10,10.030764433066253
349,144822,-70.0891131675058,44.1671443455534,2016-10-01,-7.38694654041899,2016,10,10.030764433066253
350,144823,-70.0887381675058,44.1671443455534,2016-10-01,-7.34184867787632,2016,10,10.030764433066253
351,144824,-70.0883631675058,44.1671443455534,2016-10-01,-7.26169731424083,2016,10,10.030764433066253
352,144825,-70.0879881675058,44.1671443455534,2016-10-01,-7.10579508793353,2016,10,10.030764433066253
353,144826,-70.0876131675058,44.1671443455534,2016-10-01,-6.85086893658249,2016,10,10.030764433066253
354,144827,-70.0872381675058,44.1671443455534,2016-10-01,-6.49558790124252,2016,10,10.030764433066253
355,144828,-70.0868631675058,44.1671443455534,2016-10-01,-6.04372201398462,2016,10,10.030764433066253
356,144829,-70.0864881675058,44.1671443455534,2016-10-01,-5.53668098812035,2016,10,10.030764433066253
357,144830,-70.0861131675058,44.1671443455534,2016-10-01,-5.05867644039917,2016,10,10.030764433066253
358,144831,-70.0857381675058,44.1671443455534,2016-10-01,-4.64885464836751,2016,10,10.030764433066253
359,144832,-70.0853631675058,44.1671443455534,2016-10-01,-4.29956797669704,2016,10,10.030764433066253
360,144833,-70.0849881675058,44.1671443455534,2016-10-01,-4.02858732469507,2016,10,10.030764433066253
361,144834,-70.0846131675058,44.1671443455534,2016-10-01,-3.70246265609986,2016,10,10.030764433066253
362,144835,-70.0842381675058,44.1671443455534,2016-10-01,-3.51798294807891,2016,10,10.030764433066253
363,144836,-70.0838631675058,44.1671443455534,2016-10-01,-3.58024880436492,2016,10,10.030764433066253
364,144837,-70.0834881675058,44.1671443455534,2016-10-01,-3.97642305386723,2016,10,10.030764433066253
365,144838,-70.0831131675058,44.1671443455534,2016-10-01,-4.58394360901068,2016,10,10.030764433066253
366,144839,-70.0827381675058,44.1671443455534,2016-10-01,-4.97709725247786,2016,10,10.030764433066253
367,144840,-70.0823631675058,44.1671443455534,2016-10-01,-5.19966293093676,2016,10,10.030764433066253
368,144841,-70.0819881675058,44.1671443455534,2016-10-01,-5.04003735252508,2016,10,10.030764433066253
369,144842,-70.0816131675058,44.1671443455534,2016-10-01,-4.75698665257775,2016,10,10.030764433066253
370,144843,-70.0917381675058,44.1668743455534,2016-10-01,-5.87631649737406,2016,10,10.030764433066253
371,144844,-70.0913631675058,44.1668743455534,2016-10-01,-6.52956257041827,2016,10,10.030764433066253
372,144845,-70.0909881675058,44.1668743455534,2016-10-01,-7.13924269514061,2016,10,10.030764433066253
373,144846,-70.0906131675058,44.1668743455534,2016-10-01,-7.35966496740218,2016,10,10.030764433066253
374,144847,-70.0902381675058,44.1668743455534,2016-10-01,-7.36597692381455,2016,10,10.030764433066253
375,144848,-70.0898631675058,44.1668743455534,2016-10-01,-7.37296488782973,2016,10,10.030764433066253
376,144849,-70.0894881675058,44.1668743455534,2016-10-01,-7.38447354182188,2016,10,10.030764433066253
377,144850,-70.0891131675058,44.1668743455534,2016-10-01,-7.38838500581874,2016,10,10.030764433066253
378,144851,-70.0887381675058,44.1668743455534,2016-10-01,-7.35227640717457,2016,10,10.030764433066253
379,144852,-70.0883631675058,44.1668743455534,2016-10-01,-7.2662911459289,2016,10,10.030764433066253
380,144853,-70.0879881675058,44.1668743455534,2016-10-01,-7.08982735046552,2016,10,10.030764433066253
381,144854,-70.0876131675058,44.1668743455534,2016-10-01,-6.7799022000101,2016,10,10.030764433066253
382,144855,-70.0872381675058,44.1668743455534,2016-10-01,-6.39662222562355,2016,10,10.030764433066253
383,144856,-70.0868631675058,44.1668743455534,2016-10-01,-5.93230985553081,2016,10,10.030764433066253
384,144857,-70.0864881675058,44.1668743455534,2016-10-01,-5.37814212182909,2016,10,10.030764433066253
385,144858,-70.0861131675058,44.1668743455534,2016-10-01,-4.80554949556164,2016,10,10.030764433066253
386,144859,-70.0857381675058,44.1668743455534,2016-10-01,-4.31071614659434,2016,10,10.030764433066253
387,144860,-70.0853631675058,44.1668743455534,2016-10-01,-3.99880865372989,2016,10,10.030764433066253
388,144861,-70.0849881675058,44.1668743455534,2016-10-01,-3.83046092140918,2016,10,10.030764433066253
389,144862,-70.0846131675058,44.1668743455534,2016-10-01,-3.59823605610975,2016,10,10.030764433066253
390,144863,-70.0842381675058,44.1668743455534,2016-10-01,-3.40763701245577,2016,10,10.030764433066253
391,144864,-70.0838631675058,44.1668743455534,2016-10-01,-3.37778164546854,2016,10,10.030764433066253
392,144865,-70.0834881675058,44.1668743455534,2016-10-01,-3.69672234247526,2016,10,10.030764433066253
393,144866,-70.0831131675058,44.1668743455534,2016-10-01,-4.39324283940446,2016,10,10.030764433066253
394,144867,-70.0827381675058,44.1668743455534,2016-10-01,-4.51399705830655,2016,10,10.030764433066253
395,144868,-70.0823631675058,44.1668743455534,2016-10-01,-4.97362012703104,2016,10,10.030764433066253
396,144869,-70.0819881675058,44.1668743455534,2016-10-01,-5.00997188134298,2016,10,10.030764433066253
397,144870,-70.0816131675058,44.1668743455534,2016-10-01,-5.02735215427488,2016,10,10.030764433066253
398,144871,-70.0812381675058,44.1668743455534,2016-10-01,-4.99099385890131,2016,10,10.030764433066253
399,144872,-70.0913631675058,44.1666043455534,2016-10-01,-6.04619670922819,2016,10,10.030764433066253
400,144873,-70.0909881675058,44.1666043455534,2016-10-01,-6.94806245579641,2016,10,10.030764433066253
401,144874,-70.0906131675058,44.1666043455534,2016-10-01,-7.34320061940068,2016,10,10.030764433066253
402,144875,-70.0902381675058,44.1666043455534,2016-10-01,-7.3492800255469,2016,10,10.030764433066253
403,144876,-70.0898631675058,44.1666043455534,2016-10-01,-7.35757751262043,2016,10,10.030764433066253
404,144877,-70.0894881675058,44.1666043455534,2016-10-01,-7.37419353780056,2016,10,10.030764433066253
405,144878,-70.0891131675058,44.1666043455534,2016-10-01,-7.38077311274812,2016,10,10.030764433066253
406,144879,-70.0887381675058,44.1666043455534,2016-10-01,-7.35081340308613,2016,10,10.030764433066253
407,144880,-70.0883631675058,44.1666043455534,2016-10-01,-7.26900416493739,2016,10,10.030764433066253
408,144881,-70.0879881675058,44.1666043455534,2016-10-01,-7.08111632866064,2016,10,10.030764433066253
409,144882,-70.0876131675058,44.1666043455534,2016-10-01,-6.75428945925485,2016,10,10.030764433066253
410,144883,-70.0872381675058,44.1666043455534,2016-10-01,-6.35810353645376,2016,10,10.030764433066253
411,144884,-70.0868631675058,44.1666043455534,2016-10-01,-5.86803439032579,2016,10,10.030764433066253
412,144885,-70.0864881675058,44.1666043455534,2016-10-01,-5.19526777885195,2016,10,10.030764433066253
413,144886,-70.0861131675058,44.1666043455534,2016-10-01,-4.4073865510401,2016,10,10.030764433066253
414,144887,-70.0857381675058,44.1666043455534,2016-10-01,-3.7008829345148,2016,10,10.030764433066253
415,144888,-70.0853631675058,44.1666043455534,2016-10-01,-3.34135191190673,2016,10,10.030764433066253
416,144889,-70.0849881675058,44.1666043455534,2016-10-01,-3.27291234215358,2016,10,10.030764433066253
417,144890,-70.0846131675058,44.1666043455534,2016-10-01,-3.25386721252747,2016,10,10.030764433066253
418,144891,-70.0842381675058,44.1666043455534,2016-10-01,-3.2074619400827,2016,10,10.030764433066253
419,144892,-70.0838631675058,44.1666043455534,2016-10-01,-3.18531152464609,2016,10,10.030764433066253
420,144893,-70.0834881675058,44.1666043455534,2016-10-01,-3.45627211267468,2016,10,10.030764433066253
421,144894,-70.0831131675058,44.1666043455534,2016-10-01,-4.25168250152329,2016,10,10.030764433066253
422,144895,-70.0827381675058,44.1666043455534,2016-10-01,-4.09971246574052,2016,10,10.030764433066253
423,144896,-70.0823631675058,44.1666043455534,2016-10-01,-4.05005639906543,2016,10,10.030764433066253
424,144897,-70.0816131675058,44.1666043455534,2016-10-01,-5.22598799809353,2016,10,10.030764433066253
425,144898,-70.0812381675058,44.1666043455534,2016-10-01,-5.74045479959333,2016,10,10.030764433066253
426,144899,-70.0808631675058,44.1666043455534,2016-10-01,-5.0367882182411,2016,10,10.030764433066253
427,144900,-70.0913631675058,44.1663343455534,2016-10-01,-6.13316419506417,2016,10,10.030764433066253
428,144901,-70.0909881675058,44.1663343455534,2016-10-01,-6.96671883648828,2016,10,10.030764433066253
429,144902,-70.0906131675058,44.1663343455534,2016-10-01,-7.3260844500776,2016,10,10.030764433066253
430,144903,-70.0902381675058,44.1663343455534,2016-10-01,-7.3177333421096,2016,10,10.030764433066253
431,144904,-70.0898631675058,44.1663343455534,2016-10-01,-7.3170542895721,2016,10,10.030764433066253
432,144905,-70.0894881675058,44.1663343455534,2016-10-01,-7.33732116593193,2016,10,10.030764433066253
433,144906,-70.0891131675058,44.1663343455534,2016-10-01,-7.35241744500624,2016,10,10.030764433066253
434,144907,-70.0887381675058,44.1663343455534,2016-10-01,-7.32637272990407,2016,10,10.030764433066253
435,144908,-70.0883631675058,44.1663343455534,2016-10-01,-7.24453655977456,2016,10,10.030764433066253
436,144909,-70.0879881675058,44.1663343455534,2016-10-01,-7.06595190901601,2016,10,10.030764433066253
437,144910,-70.0876131675058,44.1663343455534,2016-10-01,-6.75352518930074,2016,10,10.030764433066253
438,144911,-70.0872381675058,44.1663343455534,2016-10-01,-6.34337028554578,2016,10,10.030764433066253
439,144912,-70.0868631675058,44.1663343455534,2016-10-01,-5.75898537536923,2016,10,10.030764433066253
440,144913,-70.0864881675058,44.1663343455534,2016-10-01,-4.91486520199969,2016,10,10.030764433066253
441,144914,-70.0861131675058,44.1663343455534,2016-10-01,-3.89462857074575,2016,10,10.030764433066253
442,144915,-70.0857381675058,44.1663343455534,2016-10-01,-2.94030455902531,2016,10,10.030764433066253
443,144916,-70.0853631675058,44.1663343455534,2016-10-01,-2.44234426604195,2016,10,10.030764433066253
444,144917,-70.0849881675058,44.1663343455534,2016-10-01,-2.4472811688636,2016,10,10.030764433066253
445,144918,-70.0846131675058,44.1663343455534,2016-10-01,-2.62349937852,2016,10,10.030764433066253
446,144919,-70.0842381675058,44.1663343455534,2016-10-01,-2.78024673373939,2016,10,10.030764433066253
447,144920,-70.0838631675058,44.1663343455534,2016-10-01,-2.89113879451844,2016,10,10.030764433066253
448,144921,-70.0834881675058,44.1663343455534,2016-10-01,-3.1674417443007,2016,10,10.030764433066253
449,144922,-70.0831131675058,44.1663343455534,2016-10-01,-4.00651391506859,2016,10,10.030764433066253
450,144923,-70.0827381675058,44.1663343455534,2016-10-01,-4.26320699743312,2016,10,10.030764433066253
451,144924,-70.0823631675058,44.1663343455534,2016-10-01,-4.10483395974414,2016,10,10.030764433066253
452,144925,-70.0816131675058,44.1663343455534,2016-10-01,-5.67238531475652,2016,10,10.030764433066253
453,144926,-70.0812381675058,44.1663343455534,2016-10-01,-6.20437441362205,2016,10,10.030764433066253
454,144927,-70.0808631675058,44.1663343455534,2016-10-01,-5.54650683839502,2016,10,10.030764433066253
455,144928,-70.0921131675058,44.1660643455534,2016-10-01,-4.5297703742981,2016,10,10.030764433066253
456,144929,-70.0917381675058,44.1660643455534,2016-10-01,-5.77507052584084,2016,10,10.030764433066253
457,144930,-70.0913631675058,44.1660643455534,2016-10-01,-6.57742555730895,2016,10,10.030764433066253
458,144931,-70.0909881675058,44.1660643455534,2016-10-01,-7.11061323481323,2016,10,10.030764433066253
459,144932,-70.0906131675058,44.1660643455534,2016-10-01,-7.30272102918634,2016,10,10.030764433066253
460,144933,-70.0902381675058,44.1660643455534,2016-10-01,-7.28019380147839,2016,10,10.030764433066253
461,144934,-70.0898631675058,44.1660643455534,2016-10-01,-7.26512460160632,2016,10,10.030764433066253
462,144935,-70.0894881675058,44.1660643455534,2016-10-01,-7.27298793534278,2016,10,10.030764433066253
463,144936,-70.0891131675058,44.1660643455534,2016-10-01,-7.29126708615994,2016,10,10.030764433066253
464,144937,-70.0887381675058,44.1660643455534,2016-10-01,-7.277474095581,2016,10,10.030764433066253
465,144938,-70.0883631675058,44.1660643455534,2016-10-01,-7.19226547107742,2016,10,10.030764433066253
466,144939,-70.0879881675058,44.1660643455534,2016-10-01,-7.00416744459946,2016,10,10.030764433066253
467,144940,-70.0876131675058,44.1660643455534,2016-10-01,-6.68134183611742,2016,10,10.030764433066253
468,144941,-70.0872381675058,44.1660643455534,2016-10-01,-6.22299972398681,2016,10,10.030764433066253
469,144942,-70.0868631675058,44.1660643455534,2016-10-01,-5.52921065249607,2016,10,10.030764433066253
470,144943,-70.0864881675058,44.1660643455534,2016-10-01,-4.45467003968523,2016,10,10.030764433066253
471,144944,-70.0861131675058,44.1660643455534,2016-10-01,-3.17357627666486,2016,10,10.030764433066253
472,144945,-70.0857381675058,44.1660643455534,2016-10-01,-2.10576418737252,2016,10,10.030764433066253
473,144946,-70.0853631675058,44.1660643455534,2016-10-01,-1.53989311144057,2016,10,50.15382216533126
474,144947,-70.0849881675058,44.1660643455534,2016-10-01,-1.49635929949628,2016,10,50.15382216533126
475,144948,-70.0846131675058,44.1660643455534,2016-10-01,-1.69189534088711,2016,10,50.15382216533126
476,144949,-70.0842381675058,44.1660643455534,2016-10-01,-1.99030556554709,2016,10,10.030764433066253
477,144950,-70.0838631675058,44.1660643455534,2016-10-01,-2.25736902652675,2016,10,10.030764433066253
478,144951,-70.0834881675058,44.1660643455534,2016-10-01,-2.67600267218952,2016,10,10.030764433066253
479,144952,-70.0831131675058,44.1660643455534,2016-10-01,-3.54238830406773,2016,10,10.030764433066253
480,144953,-70.0827381675058,44.1660643455534,2016-10-01,-4.23449604622278,2016,10,10.030764433066253
481,144954,-70.0823631675058,44.1660643455534,2016-10-01,-4.85269581661951,2016,10,10.030764433066253
482,144955,-70.0819881675058,44.1660643455534,2016-10-01,-5.40653181594219,2016,10,10.030764433066253
483,144956,-70.0816131675058,44.1660643455534,2016-10-01,-6.01186553362939,2016,10,10.030764433066253
484,144957,-70.0812381675058,44.1660643455534,2016-10-01,-6.4753338878463,2016,10,10.030764433066253
485,144958,-70.0808631675058,44.1660643455534,2016-10-01,-5.70789106029571,2016,10,10.030764433066253
486,144959,-70.0921131675058,44.1657943455534,2016-10-01,-5.51789144710215,2016,10,10.030764433066253
487,144960,-70.0917381675058,44.1657943455534,2016-10-01,-6.44598011787348,2016,10,10.030764433066253
488,144961,-70.0913631675058,44.1657943455534,2016-10-01,-6.96689056311495,2016,10,10.030764433066253
489,144962,-70.0909881675058,44.1657943455534,2016-10-01,-7.090839116664,2016,10,10.030764433066253
490,144963,-70.0906131675058,44.1657943455534,2016-10-01,-7.13188977334898,2016,10,10.030764433066253
491,144964,-70.0902381675058,44.1657943455534,2016-10-01,-7.15642214292502,2016,10,10.030764433066253
492,144965,-70.0898631675058,44.1657943455534,2016-10-01,-7.16750441352993,2016,10,10.030764433066253
493,144966,-70.0894881675058,44.1657943455534,2016-10-01,-7.15998455297199,2016,10,10.030764433066253
494,144967,-70.0891131675058,44.1657943455534,2016-10-01,-7.14398560120225,2016,10,10.030764433066253
495,144968,-70.0887381675058,44.1657943455534,2016-10-01,-7.09553895240625,2016,10,10.030764433066253
496,144969,-70.0883631675058,44.1657943455534,2016-10-01,-6.96805816382617,2016,10,10.030764433066253
497,144970,-70.0879881675058,44.1657943455534,2016-10-01,-6.70502961837137,2016,10,10.030764433066253
498,144971,-70.0876131675058,44.1657943455534,2016-10-01,-6.27940967378548,2016,10,10.030764433066253
499,144972,-70.0872381675058,44.1657943455534,2016-10-01,-5.65377063552356,2016,10,10.030764433066253
500,144973,-70.0868631675058,44.1657943455534,2016-10-01,-4.76313548028096,2016,10,10.030764433066253
501,144974,-70.0864881675058,44.1657943455534,2016-10-01,-3.51030525106245,2016,10,10.030764433066253
502,144975,-70.0861131675058,44.1657943455534,2016-10-01,-2.21985092822458,2016,10,10.030764433066253
503,144976,-70.0857381675058,44.1657943455534,2016-10-01,-1.1512379339487,2016,10,50.15382216533126
504,144977,-70.0853631675058,44.1657943455534,2016-10-01,-0.581825456624898,2016,10,501.53822165331263
505,144978,-70.0849881675058,44.1657943455534,2016-10-01,-0.552220336337271,2016,10,501.53822165331263
506,144979,-70.0846131675058,44.1657943455534,2016-10-01,-0.716170648266315,2016,10,501.53822165331263
507,144980,-70.0842381675058,44.1657943455534,2016-10-01,-1.04794976252805,2016,10,50.15382216533126
508,144981,-70.0838631675058,44.1657943455534,2016-10-01,-1.42046011818023,2016,10,50.15382216533126
509,144982,-70.0834881675058,44.1657943455534,2016-10-01,-2.11762746142249,2016,10,10.030764433066253
510,144983,-70.0831131675058,44.1657943455534,2016-10-01,-3.30112087221343,2016,10,10.030764433066253
511,144984,-70.0827381675058,44.1657943455534,2016-10-01,-4.58805156849416,2016,10,10.030764433066253
512,144985,-70.0823631675058,44.1657943455534,2016-10-01,-5.6698641100007,2016,10,10.030764433066253
513,144986,-70.0819881675058,44.1657943455534,2016-10-01,-6.26539430238379,2016,10,10.030764433066253
514,144987,-70.0816131675058,44.1657943455534,2016-10-01,-6.58695637239036,2016,10,10.030764433066253
515,144988,-70.0812381675058,44.1657943455534,2016-10-01,-6.74051778396187,2016,10,10.030764433066253
516,144989,-70.0808631675058,44.1657943455534,2016-10-01,-5.87454214215071,2016,10,10.030764433066253
517,144990,-70.0947381675058,44.1655243455534,2016-10-01,-4.43787847100522,2016,10,10.030764433066253
518,144991,-70.0943631675058,44.1655243455534,2016-10-01,-4.13860983068185,2016,10,10.030764433066253
519,144992,-70.0928631675058,44.1655243455534,2016-10-01,-4.77583980560303,2016,10,10.030764433066253
520,144993,-70.0924881675058,44.1655243455534,2016-10-01,-5.59740323438249,2016,10,10.030764433066253
521,144994,-70.0921131675058,44.1655243455534,2016-10-01,-6.2563566238176,2016,10,10.030764433066253
522,144995,-70.0917381675058,44.1655243455534,2016-10-01,-6.65037363203796,2016,10,10.030764433066253
523,144996,-70.0913631675058,44.1655243455534,2016-10-01,-6.60886050580595,2016,10,10.030764433066253
524,144997,-70.0909881675058,44.1655243455534,2016-10-01,-6.44685028651577,2016,10,10.030764433066253
525,144998,-70.0906131675058,44.1655243455534,2016-10-01,-6.49289307521638,2016,10,10.030764433066253
526,144999,-70.0902381675058,44.1655243455534,2016-10-01,-6.6700138988014,2016,10,10.030764433066253
527,145000,-70.0898631675058,44.1655243455534,2016-10-01,-6.76782044790066,2016,10,10.030764433066253
528,145001,-70.0894881675058,44.1655243455534,2016-10-01,-6.74620915331792,2016,10,10.030764433066253
529,145002,-70.0891131675058,44.1655243455534,2016-10-01,-6.66885075305113,2016,10,10.030764433066253
530,145003,-70.0887381675058,44.1655243455534,2016-10-01,-6.57811298704978,2016,10,10.030764433066253
531,145004,-70.0883631675058,44.1655243455534,2016-10-01,-6.42348957444155,2016,10,10.030764433066253
532,145005,-70.0879881675058,44.1655243455534,2016-10-01,-6.05785636945871,2016,10,10.030764433066253
533,145006,-70.0876131675058,44.1655243455534,2016-10-01,-5.37860336011963,2016,10,10.030764433066253
534,145007,-70.0872381675058,44.1655243455534,2016-10-01,-4.45002338161641,2016,10,10.030764433066253
535,145008,-70.0868631675058,44.1655243455534,2016-10-01,-3.32288103640181,2016,10,10.030764433066253
536,145009,-70.0864881675058,44.1655243455534,2016-10-01,-2.09045385782992,2016,10,10.030764433066253
537,145010,-70.0861131675058,44.1655243455534,2016-10-01,-0.980676526048883,2016,10,501.53822165331263
538,145011,-70.0857381675058,44.1655243455534,2016-10-01,-0.145371987422083,2016,10,501.53822165331263
539,145012,-70.0853631675058,44.1655243455534,2016-10-01,0.179396030670965,2016,10,501.53822165331263
540,145013,-70.0849881675058,44.1655243455534,2016-10-01,0.184784492549541,2016,10,501.53822165331263
541,145014,-70.0846131675058,44.1655243455534,2016-10-01,0.0638280052895416,2016,10,501.53822165331263
542,145015,-70.0842381675058,44.1655243455534,2016-10-01,-0.244744209705211,2016,10,501.53822165331263
543,145016,-70.0838631675058,44.1655243455534,2016-10-01,-0.689411400989809,2016,10,501.53822165331263
544,145017,-70.0834881675058,44.1655243455534,2016-10-01,-1.46802254909383,2016,10,50.15382216533126
545,145018,-70.0831131675058,44.1655243455534,2016-10-01,-2.50341618199412,2016,10,10.030764433066253
546,145019,-70.0827381675058,44.1655243455534,2016-10-01,-3.56035852132673,2016,10,10.030764433066253
547,145020,-70.0823631675058,44.1655243455534,2016-10-01,-4.49803452507932,2016,10,10.030764433066253
548,145021,-70.0819881675058,44.1655243455534,2016-10-01,-5.32942053229817,2016,10,10.030764433066253
549,145022,-70.0816131675058,44.1655243455534,2016-10-01,-6.05315618982633,2016,10,10.030764433066253
550,145023,-70.0812381675058,44.1655243455534,2016-10-01,-6.34820924547256,2016,10,10.030764433066253
551,145024,-70.0808631675058,44.1655243455534,2016-10-01,-5.44799236903745,2016,10,10.030764433066253
552,145025,-70.0951131675058,44.1652543455534,2016-10-01,-4.14669301010214,2016,10,10.030764433066253
553,145026,-70.0947381675058,44.1652543455534,2016-10-01,-4.90480503106635,2016,10,10.030764433066253
554,145027,-70.0943631675058,44.1652543455534,2016-10-01,-4.76789755756097,2016,10,10.030764433066253
555,145028,-70.0939881675058,44.1652543455534,2016-10-01,-4.44078669575399,2016,10,10.030764433066253
556,145029,-70.0932381675058,44.1652543455534,2016-10-01,-4.99995160102844,2016,10,10.030764433066253
557,145030,-70.0928631675058,44.1652543455534,2016-10-01,-5.31712184899387,2016,10,10.030764433066253
558,145031,-70.0924881675058,44.1652543455534,2016-10-01,-5.97148471471912,2016,10,10.030764433066253
559,145032,-70.0921131675058,44.1652543455534,2016-10-01,-6.12976179906232,2016,10,10.030764433066253
560,145033,-70.0917381675058,44.1652543455534,2016-10-01,-5.76780575655321,2016,10,10.030764433066253
561,145034,-70.0913631675058,44.1652543455534,2016-10-01,-5.24542514008384,2016,10,10.030764433066253
562,145035,-70.0909881675058,44.1652543455534,2016-10-01,-4.91425529593856,2016,10,10.030764433066253
563,145036,-70.0906131675058,44.1652543455534,2016-10-01,-4.96418296060064,2016,10,10.030764433066253
564,145037,-70.0902381675058,44.1652543455534,2016-10-01,-5.20179650560848,2016,10,10.030764433066253
565,145038,-70.0898631675058,44.1652543455534,2016-10-01,-5.32878639797702,2016,10,10.030764433066253
566,145039,-70.0894881675058,44.1652543455534,2016-10-01,-5.34558682421913,2016,10,10.030764433066253
567,145040,-70.0891131675058,44.1652543455534,2016-10-01,-5.33140004995275,2016,10,10.030764433066253
568,145041,-70.0887381675058,44.1652543455534,2016-10-01,-5.37468481408934,2016,10,10.030764433066253
569,145042,-70.0883631675058,44.1652543455534,2016-10-01,-5.37518069831823,2016,10,10.030764433066253
570,145043,-70.0879881675058,44.1652543455534,2016-10-01,-5.09409515608397,2016,10,10.030764433066253
571,145044,-70.0876131675058,44.1652543455534,2016-10-01,-4.29139403049687,2016,10,10.030764433066253
572,145045,-70.0872381675058,44.1652543455534,2016-10-01,-3.1385070333373,2016,10,10.030764433066253
573,145046,-70.0868631675058,44.1652543455534,2016-10-01,-1.78542277977225,2016,10,50.15382216533126
574,145047,-70.0864881675058,44.1652543455534,2016-10-01,-0.665612557006477,2016,10,501.53822165331263
575,145048,-70.0861131675058,44.1652543455534,2016-10-01,0.068290324201526,2016,10,501.53822165331263
576,145049,-70.0857381675058,44.1652543455534,2016-10-01,0.501719819787156,2016,10,501.53822165331263
577,145050,-70.0853631675058,44.1652543455534,2016-10-01,0.609721419801249,2016,10,501.53822165331263
578,145051,-70.0849881675058,44.1652543455534,2016-10-01,0.563999631617992,2016,10,501.53822165331263
579,145052,-70.0846131675058,44.1652543455534,2016-10-01,0.436798562504511,2016,10,501.53822165331263
580,145053,-70.0842381675058,44.1652543455534,2016-10-01,0.226594597203688,2016,10,501.53822165331263
581,145054,-70.0838631675058,44.1652543455534,2016-10-01,-0.17848702410378,2016,10,501.53822165331263
582,145055,-70.0834881675058,44.1652543455534,2016-10-01,-0.86609942899394,2016,10,501.53822165331263
583,145056,-70.0831131675058,44.1652543455534,2016-10-01,-1.67777481463472,2016,10,50.15382216533126
584,145057,-70.0827381675058,44.1652543455534,2016-10-01,-3.13739744612033,2016,10,10.030764433066253
585,145058,-70.0823631675058,44.1652543455534,2016-10-01,-4.39674880677815,2016,10,10.030764433066253
586,145059,-70.0819881675058,44.1652543455534,2016-10-01,-5.26073527859977,2016,10,10.030764433066253
587,145060,-70.0816131675058,44.1652543455534,2016-10-01,-5.77105746387618,2016,10,10.030764433066253
588,145061,-70.0812381675058,44.1652543455534,2016-10-01,-5.86239057393684,2016,10,10.030764433066253
589,145062,-70.0808631675058,44.1652543455534,2016-10-01,-5.26039091992221,2016,10,10.030764433066253
590,145063,-70.0954881675058,44.1649843455534,2016-10-01,-3.64648856213049,2016,10,10.030764433066253
591,145064,-70.0951131675058,44.1649843455534,2016-10-01,-4.15228424859366,2016,10,10.030764433066253
592,145065,-70.0947381675058,44.1649843455534,2016-10-01,-4.95890969874188,2016,10,10.030764433066253
593,145066,-70.0943631675058,44.1649843455534,2016-10-01,-5.09190302269655,2016,10,10.030764433066253
594,145067,-70.0939881675058,44.1649843455534,2016-10-01,-4.7890871976303,2016,10,10.030764433066253
595,145068,-70.0936131675058,44.1649843455534,2016-10-01,-4.84568533959795,2016,10,10.030764433066253
596,145069,-70.0932381675058,44.1649843455534,2016-10-01,-5.12949906314865,2016,10,10.030764433066253
597,145070,-70.0928631675058,44.1649843455534,2016-10-01,-5.62186116275863,2016,10,10.030764433066253
598,145071,-70.0924881675058,44.1649843455534,2016-10-01,-5.68091230828505,2016,10,10.030764433066253
599,145072,-70.0921131675058,44.1649843455534,2016-10-01,-5.04684005309735,2016,10,10.030764433066253
600,145073,-70.0917381675058,44.1649843455534,2016-10-01,-4.07865972890756,2016,10,10.030764433066253
601,145074,-70.0913631675058,44.1649843455534,2016-10-01,-3.24203851770368,2016,10,10.030764433066253
602,145075,-70.0909881675058,44.1649843455534,2016-10-01,-2.78480728316838,2016,10,10.030764433066253
603,145076,-70.0906131675058,44.1649843455534,2016-10-01,-2.80267355407846,2016,10,10.030764433066253
604,145077,-70.0902381675058,44.1649843455534,2016-10-01,-3.02912052634437,2016,10,10.030764433066253
605,145078,-70.0898631675058,44.1649843455534,2016-10-01,-3.17437690368091,2016,10,10.030764433066253
606,145079,-70.0894881675058,44.1649843455534,2016-10-01,-3.25461770456507,2016,10,10.030764433066253
607,145080,-70.0891131675058,44.1649843455534,2016-10-01,-3.33764335301576,2016,10,10.030764433066253
608,145081,-70.0887381675058,44.1649843455534,2016-10-01,-3.59694080216425,2016,10,10.030764433066253
609,145082,-70.0883631675058,44.1649843455534,2016-10-01,-3.9029540087515,2016,10,10.030764433066253
610,145083,-70.0879881675058,44.1649843455534,2016-10-01,-3.95325310518157,2016,10,10.030764433066253
611,145084,-70.0876131675058,44.1649843455534,2016-10-01,-3.25722589454895,2016,10,10.030764433066253
612,145085,-70.0872381675058,44.1649843455534,2016-10-01,-1.97880047187159,2016,10,10.030764433066253
613,145086,-70.0868631675058,44.1649843455534,2016-10-01,-0.501356074053805,2016,10,501.53822165331263
614,145087,-70.0864881675058,44.1649843455534,2016-10-01,0.490645417989006,2016,10,501.53822165331263
615,145088,-70.0861131675058,44.1649843455534,2016-10-01,0.881500858976201,2016,10,501.53822165331263
616,145089,-70.0857381675058,44.1649843455534,2016-10-01,0.978138680673198,2016,10,501.53822165331263
617,145090,-70.0853631675058,44.1649843455534,2016-10-01,0.927947250651612,2016,10,501.53822165331263
618,145091,-70.0849881675058,44.1649843455534,2016-10-01,0.856065210352336,2016,10,501.53822165331263
619,145092,-70.0846131675058,44.1649843455534,2016-10-01,0.672137472026046,2016,10,501.53822165331263
620,145093,-70.0842381675058,44.1649843455534,2016-10-01,0.421315142416983,2016,10,501.53822165331263
621,145094,-70.0838631675058,44.1649843455534,2016-10-01,0.0840399791792303,2016,10,501.53822165331263
622,145095,-70.0834881675058,44.1649843455534,2016-10-01,-0.373844730490276,2016,10,501.53822165331263
623,145096,-70.0831131675058,44.1649843455534,2016-10-01,-0.759696741950097,2016,10,501.53822165331263
624,145097,-70.0827381675058,44.1649843455534,2016-10-01,-1.1580435254034,2016,10,50.15382216533126
625,145098,-70.0816131675058,44.1649843455534,2016-10-01,-5.70649872224603,2016,10,10.030764433066253
626,145099,-70.0812381675058,44.1649843455534,2016-10-01,-5.3950297777376,2016,10,10.030764433066253
627,145100,-70.0808631675058,44.1649843455534,2016-10-01,-5.39452844609523,2016,10,10.030764433066253
628,145101,-70.0958631675058,44.1647143455534,2016-10-01,-4.34033048916666,2016,10,10.030764433066253
629,145102,-70.0954881675058,44.1647143455534,2016-10-01,-4.18191006030832,2016,10,10.030764433066253
630,145103,-70.0951131675058,44.1647143455534,2016-10-01,-4.21461307487038,2016,10,10.030764433066253
631,145104,-70.0947381675058,44.1647143455534,2016-10-01,-4.5334505356849,2016,10,10.030764433066253
632,145105,-70.0943631675058,44.1647143455534,2016-10-01,-4.86615678770508,2016,10,10.030764433066253
633,145106,-70.0939881675058,44.1647143455534,2016-10-01,-5.03816192761653,2016,10,10.030764433066253
634,145107,-70.0936131675058,44.1647143455534,2016-10-01,-5.22041829811859,2016,10,10.030764433066253
635,145108,-70.0932381675058,44.1647143455534,2016-10-01,-5.37358154944045,2016,10,10.030764433066253
636,145109,-70.0928631675058,44.1647143455534,2016-10-01,-5.21125392243019,2016,10,10.030764433066253
637,145110,-70.0924881675058,44.1647143455534,2016-10-01,-4.43945293182615,2016,10,10.030764433066253
638,145111,-70.0921131675058,44.1647143455534,2016-10-01,-3.26134495402935,2016,10,10.030764433066253
639,145112,-70.0917381675058,44.1647143455534,2016-10-01,-2.08383574447067,2016,10,10.030764433066253
640,145113,-70.0913631675058,44.1647143455534,2016-10-01,-1.22641083159839,2016,10,50.15382216533126
641,145114,-70.0909881675058,44.1647143455534,2016-10-01,-0.765841246609211,2016,10,501.53822165331263
642,145115,-70.0906131675058,44.1647143455534,2016-10-01,-0.705499854428899,2016,10,501.53822165331263
643,145116,-70.0902381675058,44.1647143455534,2016-10-01,-0.801374326167514,2016,10,501.53822165331263
644,145117,-70.0898631675058,44.1647143455534,2016-10-01,-0.890913864502434,2016,10,501.53822165331263
645,145118,-70.0894881675058,44.1647143455534,2016-10-01,-0.993802883991273,2016,10,501.53822165331263
646,145119,-70.0891131675058,44.1647143455534,2016-10-01,-1.17614697550306,2016,10,50.15382216533126
647,145120,-70.0887381675058,44.1647143455534,2016-10-01,-1.65514624384906,2016,10,50.15382216533126
648,145121,-70.0883631675058,44.1647143455534,2016-10-01,-2.26400550346089,2016,10,10.030764433066253
649,145122,-70.0879881675058,44.1647143455534,2016-10-01,-2.75947758316809,2016,10,10.030764433066253
650,145123,-70.0876131675058,44.1647143455534,2016-10-01,-2.47281806229758,2016,10,10.030764433066253
651,145124,-70.0872381675058,44.1647143455534,2016-10-01,-1.38591742675505,2016,10,50.15382216533126
652,145125,-70.0868631675058,44.1647143455534,2016-10-01,0.0368784560503356,2016,10,501.53822165331263
653,145126,-70.0864881675058,44.1647143455534,2016-10-01,0.986613115031612,2016,10,501.53822165331263
654,145127,-70.0861131675058,44.1647143455534,2016-10-01,1.2347075786753,2016,10,952.922621141294
655,145128,-70.0857381675058,44.1647143455534,2016-10-01,1.18091659752012,2016,10,952.922621141294
656,145129,-70.0853631675058,44.1647143455534,2016-10-01,1.05530526444774,2016,10,952.922621141294
657,145130,-70.0849881675058,44.1647143455534,2016-10-01,0.987563641912135,2016,10,501.53822165331263
658,145131,-70.0846131675058,44.1647143455534,2016-10-01,0.888168530685794,2016,10,501.53822165331263
659,145132,-70.0842381675058,44.1647143455534,2016-10-01,0.751540247138826,2016,10,501.53822165331263
660,145133,-70.0838631675058,44.1647143455534,2016-10-01,0.483080148463704,2016,10,501.53822165331263
661,145134,-70.0834881675058,44.1647143455534,2016-10-01,0.111944509826315,2016,10,501.53822165331263
662,145135,-70.0831131675058,44.1647143455534,2016-10-01,-0.281961889182721,2016,10,501.53822165331263
663,145136,-70.0827381675058,44.1647143455534,2016-10-01,-0.930828809848804,2016,10,501.53822165331263
664,145137,-70.0823631675058,44.1647143455534,2016-10-01,-1.87771949440201,2016,10,50.15382216533126
665,145138,-70.0819881675058,44.1647143455534,2016-10-01,-3.45072206129552,2016,10,10.030764433066253
666,145139,-70.0816131675058,44.1647143455534,2016-10-01,-5.11658134572266,2016,10,10.030764433066253
667,145140,-70.0812381675058,44.1647143455534,2016-10-01,-5.34921082564869,2016,10,10.030764433066253
668,145141,-70.0808631675058,44.1647143455534,2016-10-01,-5.12149019809179,2016,10,10.030764433066253
669,145142,-70.0966131675058,44.1644443455534,2016-10-01,-5.31165205427065,2016,10,10.030764433066253
670,145143,-70.0962381675058,44.1644443455534,2016-10-01,-5.3965033756279,2016,10,10.030764433066253
671,145144,-70.0958631675058,44.1644443455534,2016-10-01,-5.28785451908487,2016,10,10.030764433066253
672,145145,-70.0954881675058,44.1644443455534,2016-10-01,-5.07111779171003,2016,10,10.030764433066253
673,145146,-70.0951131675058,44.1644443455534,2016-10-01,-4.74481939612102,2016,10,10.030764433066253
674,145147,-70.0947381675058,44.1644443455534,2016-10-01,-4.79567242959337,2016,10,10.030764433066253
675,145148,-70.0943631675058,44.1644443455534,2016-10-01,-5.10341109270111,2016,10,10.030764433066253
676,145149,-70.0939881675058,44.1644443455534,2016-10-01,-5.43096136904302,2016,10,10.030764433066253
677,145150,-70.0936131675058,44.1644443455534,2016-10-01,-5.56869026675009,2016,10,10.030764433066253
678,145151,-70.0932381675058,44.1644443455534,2016-10-01,-5.29831174405296,2016,10,10.030764433066253
679,145152,-70.0928631675058,44.1644443455534,2016-10-01,-4.39471381964324,2016,10,10.030764433066253
680,145153,-70.0924881675058,44.1644443455534,2016-10-01,-2.9970118490175,2016,10,10.030764433066253
681,145154,-70.0921131675058,44.1644443455534,2016-10-01,-1.51124696366393,2016,10,50.15382216533126
682,145155,-70.0917381675058,44.1644443455534,2016-10-01,-0.390713165665112,2016,10,501.53822165331263
683,145156,-70.0913631675058,44.1644443455534,2016-10-01,0.246419279185029,2016,10,501.53822165331263
684,145157,-70.0909881675058,44.1644443455534,2016-10-01,0.605112788532178,2016,10,501.53822165331263
685,145158,-70.0906131675058,44.1644443455534,2016-10-01,0.716884691043995,2016,10,501.53822165331263
686,145159,-70.0902381675058,44.1644443455534,2016-10-01,0.722412778067195,2016,10,501.53822165331263
687,145160,-70.0898631675058,44.1644443455534,2016-10-01,0.677309853000988,2016,10,501.53822165331263
688,145161,-70.0894881675058,44.1644443455534,2016-10-01,0.555257354392872,2016,10,501.53822165331263
689,145162,-70.0891131675058,44.1644443455534,2016-10-01,0.373194222845946,2016,10,501.53822165331263
690,145163,-70.0887381675058,44.1644443455534,2016-10-01,-0.063381941160473,2016,10,501.53822165331263
691,145164,-70.0883631675058,44.1644443455534,2016-10-01,-0.764925734613455,2016,10,501.53822165331263
692,145165,-70.0879881675058,44.1644443455534,2016-10-01,-1.60067652950427,2016,10,50.15382216533126
693,145166,-70.0876131675058,44.1644443455534,2016-10-01,-1.74939127013802,2016,10,50.15382216533126
694,145167,-70.0872381675058,44.1644443455534,2016-10-01,-0.922366739701696,2016,10,501.53822165331263
695,145168,-70.0868631675058,44.1644443455534,2016-10-01,0.394964407626677,2016,10,501.53822165331263
696,145169,-70.0864881675058,44.1644443455534,2016-10-01,1.39156757658457,2016,10,952.922621141294
697,145170,-70.0861131675058,44.1644443455534,2016-10-01,1.63876903657958,2016,10,952.922621141294
698,145171,-70.0857381675058,44.1644443455534,2016-10-01,1.51458391168118,2016,10,952.922621141294
699,145172,-70.0853631675058,44.1644443455534,2016-10-01,1.39479387036569,2016,10,952.922621141294
700,145173,-70.0849881675058,44.1644443455534,2016-10-01,1.35446607682849,2016,10,952.922621141294
701,145174,-70.0846131675058,44.1644443455534,2016-10-01,1.27124208091258,2016,10,952.922621141294
702,145175,-70.0842381675058,44.1644443455534,2016-10-01,1.15281746067005,2016,10,952.922621141294
703,145176,-70.0838631675058,44.1644443455534,2016-10-01,0.93566771952127,2016,10,501.53822165331263
704,145177,-70.0834881675058,44.1644443455534,2016-10-01,0.581396538141183,2016,10,501.53822165331263
705,145178,-70.0831131675058,44.1644443455534,2016-10-01,0.0195001805564781,2016,10,501.53822165331263
706,145179,-70.0827381675058,44.1644443455534,2016-10-01,-0.901359670103291,2016,10,501.53822165331263
707,145180,-70.0823631675058,44.1644443455534,2016-10-01,-2.208460076289,2016,10,10.030764433066253
708,145181,-70.0819881675058,44.1644443455534,2016-10-01,-3.51006911617991,2016,10,10.030764433066253
709,145182,-70.0816131675058,44.1644443455534,2016-10-01,-4.53124734833695,2016,10,10.030764433066253
710,145183,-70.0812381675058,44.1644443455534,2016-10-01,-4.31483130730283,2016,10,10.030764433066253
711,145184,-70.0808631675058,44.1644443455534,2016-10-01,-4.21166393354289,2016,10,10.030764433066253
712,145185,-70.0977381675058,44.1641743455534,2016-10-01,-4.60594928817052,2016,10,10.030764433066253
713,145186,-70.0973631675058,44.1641743455534,2016-10-01,-5.43249431356963,2016,10,10.030764433066253
714,145187,-70.0969881675058,44.1641743455534,2016-10-01,-5.44180593020417,2016,10,10.030764433066253
715,145188,-70.0966131675058,44.1641743455534,2016-10-01,-5.72186379936547,2016,10,10.030764433066253
716,145189,-70.0962381675058,44.1641743455534,2016-10-01,-6.01151072048197,2016,10,10.030764433066253
717,145190,-70.0958631675058,44.1641743455534,2016-10-01,-5.93000239466159,2016,10,10.030764433066253
718,145191,-70.0954881675058,44.1641743455534,2016-10-01,-5.70178716116667,2016,10,10.030764433066253
719,145192,-70.0951131675058,44.1641743455534,2016-10-01,-5.47392744666385,2016,10,10.030764433066253
720,145193,-70.0947381675058,44.1641743455534,2016-10-01,-5.47685729457665,2016,10,10.030764433066253
721,145194,-70.0943631675058,44.1641743455534,2016-10-01,-5.62587237835777,2016,10,10.030764433066253
722,145195,-70.0939881675058,44.1641743455534,2016-10-01,-5.80505109204789,2016,10,10.030764433066253
723,145196,-70.0936131675058,44.1641743455534,2016-10-01,-5.74426168016364,2016,10,10.030764433066253
724,145197,-70.0932381675058,44.1641743455534,2016-10-01,-5.04331994484461,2016,10,10.030764433066253
725,145198,-70.0928631675058,44.1641743455534,2016-10-01,-3.57497263189033,2016,10,10.030764433066253
726,145199,-70.0924881675058,44.1641743455534,2016-10-01,-1.77742770176431,2016,10,50.15382216533126
727,145200,-70.0921131675058,44.1641743455534,2016-10-01,-0.267370487874577,2016,10,501.53822165331263
728,145201,-70.0917381675058,44.1641743455534,2016-10-01,0.633048010622262,2016,10,501.53822165331263
729,145202,-70.0913631675058,44.1641743455534,2016-10-01,1.04813809540088,2016,10,952.922621141294
730,145203,-70.0909881675058,44.1641743455534,2016-10-01,1.3200391540756,2016,10,952.922621141294
731,145204,-70.0906131675058,44.1641743455534,2016-10-01,1.48710553697889,2016,10,952.922621141294
732,145205,-70.0902381675058,44.1641743455534,2016-10-01,1.54804957182854,2016,10,952.922621141294
733,145206,-70.0898631675058,44.1641743455534,2016-10-01,1.49311634001129,2016,10,952.922621141294
734,145207,-70.0894881675058,44.1641743455534,2016-10-01,1.38227132106614,2016,10,952.922621141294
735,145208,-70.0891131675058,44.1641743455534,2016-10-01,1.26275974515989,2016,10,952.922621141294
736,145209,-70.0887381675058,44.1641743455534,2016-10-01,0.988000852306984,2016,10,501.53822165331263
737,145210,-70.0883631675058,44.1641743455534,2016-10-01,0.369240903426884,2016,10,501.53822165331263
738,145211,-70.0879881675058,44.1641743455534,2016-10-01,-0.55733658271295,2016,10,501.53822165331263
739,145212,-70.0876131675058,44.1641743455534,2016-10-01,-0.97680021874764,2016,10,501.53822165331263
740,145213,-70.0872381675058,44.1641743455534,2016-10-01,-0.44010913507377,2016,10,501.53822165331263
741,145214,-70.0868631675058,44.1641743455534,2016-10-01,0.65651309143294,2016,10,501.53822165331263
742,145215,-70.0864881675058,44.1641743455534,2016-10-01,1.60567414029693,2016,10,952.922621141294
743,145216,-70.0861131675058,44.1641743455534,2016-10-01,1.90006393139083,2016,10,952.922621141294
744,145217,-70.0857381675058,44.1641743455534,2016-10-01,1.80270100169259,2016,10,952.922621141294
745,145218,-70.0853631675058,44.1641743455534,2016-10-01,1.67597965387309,2016,10,952.922621141294
746,145219,-70.0849881675058,44.1641743455534,2016-10-01,1.6010690073434,2016,10,952.922621141294
747,145220,-70.0846131675058,44.1641743455534,2016-10-01,1.5875169413456,2016,10,952.922621141294
748,145221,-70.0842381675058,44.1641743455534,2016-10-01,1.61009671543592,2016,10,952.922621141294
749,145222,-70.0838631675058,44.1641743455534,2016-10-01,1.43199429420877,2016,10,952.922621141294
750,145223,-70.0834881675058,44.1641743455534,2016-10-01,1.02113921588675,2016,10,952.922621141294
751,145224,-70.0831131675058,44.1641743455534,2016-10-01,0.424914977692639,2016,10,501.53822165331263
752,145225,-70.0827381675058,44.1641743455534,2016-10-01,-0.44045405892115,2016,10,501.53822165331263
753,145226,-70.0823631675058,44.1641743455534,2016-10-01,-1.72438934358084,2016,10,50.15382216533126
754,145227,-70.0819881675058,44.1641743455534,2016-10-01,-2.73543338549801,2016,10,10.030764433066253
755,145228,-70.0816131675058,44.1641743455534,2016-10-01,-4.06216561823592,2016,10,10.030764433066253
756,145229,-70.0812381675058,44.1641743455534,2016-10-01,-4.29574537563728,2016,10,10.030764433066253
757,145230,-70.0981131675058,44.1639043455534,2016-10-01,-4.36082100159615,2016,10,10.030764433066253
758,145231,-70.0977381675058,44.1639043455534,2016-10-01,-5.03368218811855,2016,10,10.030764433066253
759,145232,-70.0973631675058,44.1639043455534,2016-10-01,-5.78756137850486,2016,10,10.030764433066253
760,145233,-70.0969881675058,44.1639043455534,2016-10-01,-6.08577345369155,2016,10,10.030764433066253
761,145234,-70.0966131675058,44.1639043455534,2016-10-01,-6.24023557274189,2016,10,10.030764433066253
762,145235,-70.0962381675058,44.1639043455534,2016-10-01,-6.24943073544002,2016,10,10.030764433066253
763,145236,-70.0958631675058,44.1639043455534,2016-10-01,-6.18359522699651,2016,10,10.030764433066253
764,145237,-70.0954881675058,44.1639043455534,2016-10-01,-6.20099182530507,2016,10,10.030764433066253
765,145238,-70.0951131675058,44.1639043455534,2016-10-01,-6.22777186807786,2016,10,10.030764433066253
766,145239,-70.0947381675058,44.1639043455534,2016-10-01,-6.24657110926923,2016,10,10.030764433066253
767,145240,-70.0943631675058,44.1639043455534,2016-10-01,-6.27805635892692,2016,10,10.030764433066253
768,145241,-70.0939881675058,44.1639043455534,2016-10-01,-6.30806635950726,2016,10,10.030764433066253
769,145242,-70.0936131675058,44.1639043455534,2016-10-01,-6.04996204332136,2016,10,10.030764433066253
770,145243,-70.0932381675058,44.1639043455534,2016-10-01,-4.9019726604659,2016,10,10.030764433066253
771,145244,-70.0928631675058,44.1639043455534,2016-10-01,-3.00236863332111,2016,10,10.030764433066253
772,145245,-70.0924881675058,44.1639043455534,2016-10-01,-0.913397875344906,2016,10,501.53822165331263
773,145246,-70.0921131675058,44.1639043455534,2016-10-01,0.53331425398694,2016,10,501.53822165331263
774,145247,-70.0917381675058,44.1639043455534,2016-10-01,1.21305050242151,2016,10,952.922621141294
775,145248,-70.0913631675058,44.1639043455534,2016-10-01,1.52315550553477,2016,10,952.922621141294
776,145249,-70.0909881675058,44.1639043455534,2016-10-01,1.73247912805617,2016,10,952.922621141294
777,145250,-70.0906131675058,44.1639043455534,2016-10-01,1.943771048309,2016,10,952.922621141294
778,145251,-70.0902381675058,44.1639043455534,2016-10-01,2.08453360302922,2016,10,993.045678873559
779,145252,-70.0898631675058,44.1639043455534,2016-10-01,2.04464239293025,2016,10,993.045678873559
780,145253,-70.0894881675058,44.1639043455534,2016-10-01,1.95096232071418,2016,10,952.922621141294
781,145254,-70.0891131675058,44.1639043455534,2016-10-01,1.78950984890164,2016,10,952.922621141294
782,145255,-70.0887381675058,44.1639043455534,2016-10-01,1.55594619135464,2016,10,952.922621141294
783,145256,-70.0883631675058,44.1639043455534,2016-10-01,1.10208423926613,2016,10,952.922621141294
784,145257,-70.0879881675058,44.1639043455534,2016-10-01,0.294991946759873,2016,10,501.53822165331263
785,145258,-70.0876131675058,44.1639043455534,2016-10-01,-0.208089464217578,2016,10,501.53822165331263
786,145259,-70.0872381675058,44.1639043455534,2016-10-01,0.038165729420043,2016,10,501.53822165331263
787,145260,-70.0868631675058,44.1639043455534,2016-10-01,0.950055981917625,2016,10,501.53822165331263
788,145261,-70.0864881675058,44.1639043455534,2016-10-01,1.84918209032282,2016,10,952.922621141294
789,145262,-70.0861131675058,44.1639043455534,2016-10-01,2.16166386993595,2016,10,993.045678873559
790,145263,-70.0857381675058,44.1639043455534,2016-10-01,2.05485371799057,2016,10,993.045678873559
791,145264,-70.0853631675058,44.1639043455534,2016-10-01,1.86304372244873,2016,10,952.922621141294
792,145265,-70.0849881675058,44.1639043455534,2016-10-01,1.74922736127698,2016,10,952.922621141294
793,145266,-70.0846131675058,44.1639043455534,2016-10-01,1.72384586022527,2016,10,952.922621141294
794,145267,-70.0842381675058,44.1639043455534,2016-10-01,1.79392489904986,2016,10,952.922621141294
795,145268,-70.0838631675058,44.1639043455534,2016-10-01,1.75185638301103,2016,10,952.922621141294
796,145269,-70.0834881675058,44.1639043455534,2016-10-01,1.42924500047298,2016,10,952.922621141294
797,145270,-70.0831131675058,44.1639043455534,2016-10-01,0.810350174748418,2016,10,501.53822165331263
798,145271,-70.0827381675058,44.1639043455534,2016-10-01,-0.133894835468803,2016,10,501.53822165331263
799,145272,-70.0823631675058,44.1639043455534,2016-10-01,-1.49210412897302,2016,10,50.15382216533126
800,145273,-70.0819881675058,44.1639043455534,2016-10-01,-2.20967434537484,2016,10,10.030764433066253
801,145274,-70.0816131675058,44.1639043455534,2016-10-01,-2.40692688012671,2016,10,10.030764433066253
802,145275,-70.0981131675058,44.1636343455534,2016-10-01,-4.85285877176073,2016,10,10.030764433066253
803,145276,-70.0977381675058,44.1636343455534,2016-10-01,-5.60888621160457,2016,10,10.030764433066253
804,145277,-70.0973631675058,44.1636343455534,2016-10-01,-6.16233691594582,2016,10,10.030764433066253
805,145278,-70.0969881675058,44.1636343455534,2016-10-01,-6.11506015987626,2016,10,10.030764433066253
806,145279,-70.0966131675058,44.1636343455534,2016-10-01,-6.01562000243668,2016,10,10.030764433066253
807,145280,-70.0962381675058,44.1636343455534,2016-10-01,-6.01725261644382,2016,10,10.030764433066253
808,145281,-70.0958631675058,44.1636343455534,2016-10-01,-6.17615429134193,2016,10,10.030764433066253
809,145282,-70.0954881675058,44.1636343455534,2016-10-01,-6.39845129090837,2016,10,10.030764433066253
810,145283,-70.0951131675058,44.1636343455534,2016-10-01,-6.56682569311409,2016,10,10.030764433066253
811,145284,-70.0947381675058,44.1636343455534,2016-10-01,-6.63690452086879,2016,10,10.030764433066253
812,145285,-70.0943631675058,44.1636343455534,2016-10-01,-6.64746919046724,2016,10,10.030764433066253
813,145286,-70.0939881675058,44.1636343455534,2016-10-01,-6.59231799757037,2016,10,10.030764433066253
814,145287,-70.0936131675058,44.1636343455534,2016-10-01,-6.14200838583171,2016,10,10.030764433066253
815,145288,-70.0932381675058,44.1636343455534,2016-10-01,-4.59931397678222,2016,10,10.030764433066253
816,145289,-70.0928631675058,44.1636343455534,2016-10-01,-2.47435526073448,2016,10,10.030764433066253
817,145290,-70.0924881675058,44.1636343455534,2016-10-01,-0.376984720639156,2016,10,501.53822165331263
818,145291,-70.0921131675058,44.1636343455534,2016-10-01,0.94587721213024,2016,10,501.53822165331263
819,145292,-70.0917381675058,44.1636343455534,2016-10-01,1.48337143839918,2016,10,952.922621141294
820,145293,-70.0913631675058,44.1636343455534,2016-10-01,1.78713969478642,2016,10,952.922621141294
821,145294,-70.0909881675058,44.1636343455534,2016-10-01,2.00813421528142,2016,10,993.045678873559
822,145295,-70.0906131675058,44.1636343455534,2016-10-01,2.22434888293834,2016,10,993.045678873559
823,145296,-70.0902381675058,44.1636343455534,2016-10-01,2.43405600318411,2016,10,993.045678873559
824,145297,-70.0898631675058,44.1636343455534,2016-10-01,2.47372359242739,2016,10,993.045678873559
825,145298,-70.0894881675058,44.1636343455534,2016-10-01,2.38169994423255,2016,10,993.045678873559
826,145299,-70.0891131675058,44.1636343455534,2016-10-01,2.19291238615158,2016,10,993.045678873559
827,145300,-70.0887381675058,44.1636343455534,2016-10-01,1.99150352071186,2016,10,993.045678873559
828,145301,-70.0883631675058,44.1636343455534,2016-10-01,1.63391435408826,2016,10,952.922621141294
829,145302,-70.0879881675058,44.1636343455534,2016-10-01,0.920282360865358,2016,10,501.53822165331263
830,145303,-70.0876131675058,44.1636343455534,2016-10-01,0.422636559848148,2016,10,501.53822165331263
831,145304,-70.0872381675058,44.1636343455534,2016-10-01,0.434626926218634,2016,10,501.53822165331263
832,145305,-70.0868631675058,44.1636343455534,2016-10-01,1.04272823803634,2016,10,952.922621141294
833,145306,-70.0864881675058,44.1636343455534,2016-10-01,1.80250001573966,2016,10,952.922621141294
834,145307,-70.0861131675058,44.1636343455534,2016-10-01,2.20454225716203,2016,10,993.045678873559
835,145308,-70.0857381675058,44.1636343455534,2016-10-01,2.25016266274482,2016,10,993.045678873559
836,145309,-70.0853631675058,44.1636343455534,2016-10-01,2.10958062080927,2016,10,993.045678873559
837,145310,-70.0849881675058,44.1636343455534,2016-10-01,1.91887047803557,2016,10,952.922621141294
838,145311,-70.0846131675058,44.1636343455534,2016-10-01,1.79332209940778,2016,10,952.922621141294
839,145312,-70.0842381675058,44.1636343455534,2016-10-01,1.79651387692423,2016,10,952.922621141294
840,145313,-70.0838631675058,44.1636343455534,2016-10-01,1.74026154651893,2016,10,952.922621141294
841,145314,-70.0834881675058,44.1636343455534,2016-10-01,1.46465311552062,2016,10,952.922621141294
842,145315,-70.0831131675058,44.1636343455534,2016-10-01,0.901937082826867,2016,10,501.53822165331263
843,145316,-70.0827381675058,44.1636343455534,2016-10-01,-0.0499130788418884,2016,10,501.53822165331263
844,145317,-70.0823631675058,44.1636343455534,2016-10-01,-1.45375124854663,2016,10,50.15382216533126
845,145318,-70.0819881675058,44.1636343455534,2016-10-01,-2.21777176439441,2016,10,10.030764433066253
846,145319,-70.0816131675058,44.1636343455534,2016-10-01,-2.22137324553643,2016,10,10.030764433066253
847,145320,-70.0981131675058,44.1633643455534,2016-10-01,-4.61237357922951,2016,10,10.030764433066253
848,145321,-70.0977381675058,44.1633643455534,2016-10-01,-5.30756362941403,2016,10,10.030764433066253
849,145322,-70.0973631675058,44.1633643455534,2016-10-01,-5.75712838842908,2016,10,10.030764433066253
850,145323,-70.0969881675058,44.1633643455534,2016-10-01,-5.65769731784077,2016,10,10.030764433066253
851,145324,-70.0966131675058,44.1633643455534,2016-10-01,-5.67352833561619,2016,10,10.030764433066253
852,145325,-70.0962381675058,44.1633643455534,2016-10-01,-5.86932914492484,2016,10,10.030764433066253
853,145326,-70.0958631675058,44.1633643455534,2016-10-01,-6.2230481910678,2016,10,10.030764433066253
854,145327,-70.0954881675058,44.1633643455534,2016-10-01,-6.5270503229922,2016,10,10.030764433066253
855,145328,-70.0951131675058,44.1633643455534,2016-10-01,-6.67474952496661,2016,10,10.030764433066253
856,145329,-70.0947381675058,44.1633643455534,2016-10-01,-6.70199628201955,2016,10,10.030764433066253
857,145330,-70.0943631675058,44.1633643455534,2016-10-01,-6.65011621298084,2016,10,10.030764433066253
858,145331,-70.0939881675058,44.1633643455534,2016-10-01,-6.51569273976646,2016,10,10.030764433066253
859,145332,-70.0936131675058,44.1633643455534,2016-10-01,-5.86998841150119,2016,10,10.030764433066253
860,145333,-70.0932381675058,44.1633643455534,2016-10-01,-4.16214039893974,2016,10,10.030764433066253
861,145334,-70.09286,44.16336,2016-10-01,-1.996181,2016,10,10.030764433066253
862,145335,-70.09249,44.16336,2016-10-01,-0.02059807,2016,10,501.53822165331263
863,145336,-70.09211,44.16336,2016-10-01,1.195002,2016,10,952.922621141294
864,145337,-70.09174,44.16336,2016-10-01,1.71795,2016,10,952.922621141294
865,145338,-70.09136,44.16336,2016-10-01,2.039662,2016,10,993.045678873559
866,145339,-70.09099,44.16336,2016-10-01,2.276136,2016,10,993.045678873559
867,145340,-70.09061,44.16336,2016-10-01,2.438758,2016,10,993.045678873559
868,145341,-70.09024,44.16336,2016-10-01,2.616407,2016,10,993.045678873559
869,145342,-70.08986,44.16336,2016-10-01,2.709753,2016,10,993.045678873559
870,145343,-70.08949,44.16336,2016-10-01,2.636204,2016,10,993.045678873559
871,145344,-70.08911,44.16336,2016-10-01,2.490816,2016,10,993.045678873559
872,145345,-70.08874,44.16336,2016-10-01,2.310321,2016,10,993.045678873559
873,145346,-70.08836,44.16336,2016-10-01,2.001438,2016,10,993.045678873559
874,145347,-70.08799,44.16336,2016-10-01,1.420122,2016,10,952.922621141294
875,145348,-70.08761,44.16336,2016-10-01,0.901433,2016,10,501.53822165331263
876,145349,-70.08724,44.16336,2016-10-01,0.7463303,2016,10,501.53822165331263
877,145350,-70.08686,44.16336,2016-10-01,1.130155,2016,10,952.922621141294
878,145351,-70.08649,44.16336,2016-10-01,1.787491,2016,10,952.922621141294
879,145352,-70.08611,44.16336,2016-10-01,2.228611,2016,10,993.045678873559
880,145353,-70.08574,44.16336,2016-10-01,2.323661,2016,10,993.045678873559
881,145354,-70.08536,44.16336,2016-10-01,2.199035,2016,10,993.045678873559
882,145355,-70.08499,44.16336,2016-10-01,1.962753,2016,10,993.045678873559
883,145356,-70.08461,44.16336,2016-10-01,1.767766,2016,10,952.922621141294
884,145357,-70.08424,44.16336,2016-10-01,1.665336,2016,10,952.922621141294
885,145358,-70.08386,44.16336,2016-10-01,1.544044,2016,10,952.922621141294
886,145359,-70.08349,44.16336,2016-10-01,1.282908,2016,10,952.922621141294
887,145360,-70.08311,44.16336,2016-10-01,0.7415855,2016,10,501.53822165331263
888,145361,-70.08274,44.16336,2016-10-01,-0.1233078,2016,10,501.53822165331263
889,145362,-70.08236,44.16336,2016-10-01,-1.478395,2016,10,50.15382216533126
890,145363,-70.08199,44.16336,2016-10-01,-2.307455,2016,10,10.030764433066253
891,145364,-70.08161,44.16336,2016-10-01,-2.32025,2016,10,10.030764433066253
892,145365,-70.09811,44.16309,2016-10-01,-3.996627,2016,10,10.030764433066253
893,145366,-70.09774,44.16309,2016-10-01,-4.692782,2016,10,10.030764433066253
894,145367,-70.09736,44.16309,2016-10-01,-5.124459,2016,10,10.030764433066253
895,145368,-70.09699,44.16309,2016-10-01,-5.068236,2016,10,10.030764433066253
896,145369,-70.09661,44.16309,2016-10-01,-5.215096,2016,10,10.030764433066253
897,145370,-70.09624,44.16309,2016-10-01,-5.626881,2016,10,10.030764433066253
898,145371,-70.09586,44.16309,2016-10-01,-6.182419,2016,10,10.030764433066253
899,145372,-70.09549,44.16309,2016-10-01,-6.537831,2016,10,10.030764433066253
900,145373,-70.09511,44.16309,2016-10-01,-6.606947,2016,10,10.030764433066253
901,145374,-70.09474,44.16309,2016-10-01,-6.520864,2016,10,10.030764433066253
902,145375,-70.09436,44.16309,2016-10-01,-6.277778,2016,10,10.030764433066253
903,145376,-70.09399,44.16309,2016-10-01,-5.90795,2016,10,10.030764433066253
904,145377,-70.09361,44.16309,2016-10-01,-4.845654,2016,10,10.030764433066253
905,145378,-70.09324,44.16309,2016-10-01,-3.016419,2016,10,10.030764433066253
906,145379,-70.09286,44.16309,2016-10-01,-1.066072,2016,10,50.15382216533126
907,145380,-70.09249,44.16309,2016-10-01,0.5886208,2016,10,501.53822165331263
908,145381,-70.09211,44.16309,2016-10-01,1.541894,2016,10,952.922621141294
909,145382,-70.09174,44.16309,2016-10-01,2.007723,2016,10,993.045678873559
910,145383,-70.09136,44.16309,2016-10-01,2.297232,2016,10,993.045678873559
911,145384,-70.09099,44.16309,2016-10-01,2.450613,2016,10,993.045678873559
912,145385,-70.09061,44.16309,2016-10-01,2.519335,2016,10,993.045678873559
913,145386,-70.09024,44.16309,2016-10-01,2.647386,2016,10,993.045678873559
914,145387,-70.08986,44.16309,2016-10-01,2.758198,2016,10,993.045678873559
915,145388,-70.08949,44.16309,2016-10-01,2.736311,2016,10,993.045678873559
916,145389,-70.08911,44.16309,2016-10-01,2.645797,2016,10,993.045678873559
917,145390,-70.08874,44.16309,2016-10-01,2.504036,2016,10,993.045678873559
918,145391,-70.08836,44.16309,2016-10-01,2.282809,2016,10,993.045678873559
919,145392,-70.08799,44.16309,2016-10-01,1.820388,2016,10,952.922621141294
920,145393,-70.08761,44.16309,2016-10-01,1.242458,2016,10,952.922621141294
921,145394,-70.08724,44.16309,2016-10-01,0.9335133,2016,10,501.53822165331263
922,145395,-70.08686,44.16309,2016-10-01,1.10639,2016,10,952.922621141294
923,145396,-70.08649,44.16309,2016-10-01,1.613201,2016,10,952.922621141294
924,145397,-70.08611,44.16309,2016-10-01,2.052825,2016,10,993.045678873559
925,145398,-70.08574,44.16309,2016-10-01,2.233634,2016,10,993.045678873559
926,145399,-70.08536,44.16309,2016-10-01,2.167785,2016,10,993.045678873559
927,145400,-70.08499,44.16309,2016-10-01,1.906935,2016,10,952.922621141294
928,145401,-70.08461,44.16309,2016-10-01,1.629897,2016,10,952.922621141294
929,145402,-70.08424,44.16309,2016-10-01,1.364967,2016,10,952.922621141294
930,145403,-70.08386,44.16309,2016-10-01,1.103572,2016,10,952.922621141294
931,145404,-70.08349,44.16309,2016-10-01,0.7601373,2016,10,501.53822165331263
932,145405,-70.08311,44.16309,2016-10-01,0.1991263,2016,10,501.53822165331263
933,145406,-70.08274,44.16309,2016-10-01,-0.7210567,2016,10,501.53822165331263
934,145407,-70.08236,44.16309,2016-10-01,-1.903465,2016,10,50.15382216533126
935,145408,-70.08199,44.16309,2016-10-01,-2.31836,2016,10,10.030764433066253
936,145409,-70.08161,44.16309,2016-10-01,-2.206083,2016,10,10.030764433066253
937,145410,-70.09811,44.16282,2016-10-01,-3.361498,2016,10,10.030764433066253
938,145411,-70.09774,44.16282,2016-10-01,-3.993095,2016,10,10.030764433066253
939,145412,-70.09736,44.16282,2016-10-01,-4.22522,2016,10,10.030764433066253
940,145413,-70.09699,44.16282,2016-10-01,-4.044212,2016,10,10.030764433066253
941,145414,-70.09661,44.16282,2016-10-01,-4.252963,2016,10,10.030764433066253
942,145415,-70.09624,44.16282,2016-10-01,-4.712245,2016,10,10.030764433066253
943,145416,-70.09586,44.16282,2016-10-01,-5.403527,2016,10,10.030764433066253
944,145417,-70.09549,44.16282,2016-10-01,-5.886307,2016,10,10.030764433066253
945,145418,-70.09511,44.16282,2016-10-01,-5.985803,2016,10,10.030764433066253
946,145419,-70.09474,44.16282,2016-10-01,-5.780841,2016,10,10.030764433066253
947,145420,-70.09436,44.16282,2016-10-01,-5.314463,2016,10,10.030764433066253
948,145421,-70.09399,44.16282,2016-10-01,-5.106977,2016,10,10.030764433066253
949,145422,-70.09361,44.16282,2016-10-01,-4.136762,2016,10,10.030764433066253
950,145423,-70.09324,44.16282,2016-10-01,-1.799091,2016,10,50.15382216533126
951,145424,-70.09286,44.16282,2016-10-01,0.2100501,2016,10,501.53822165331263
952,145425,-70.09249,44.16282,2016-10-01,1.362055,2016,10,952.922621141294
953,145426,-70.09211,44.16282,2016-10-01,1.970592,2016,10,993.045678873559
954,145427,-70.09174,44.16282,2016-10-01,2.328432,2016,10,993.045678873559
955,145428,-70.09136,44.16282,2016-10-01,2.598587,2016,10,993.045678873559
956,145429,-70.09099,44.16282,2016-10-01,2.704862,2016,10,993.045678873559
957,145430,-70.09061,44.16282,2016-10-01,2.718556,2016,10,993.045678873559
958,145431,-70.09024,44.16282,2016-10-01,2.771642,2016,10,993.045678873559
959,145432,-70.08986,44.16282,2016-10-01,2.765692,2016,10,993.045678873559
960,145433,-70.08949,44.16282,2016-10-01,2.76848,2016,10,993.045678873559
961,145434,-70.08911,44.16282,2016-10-01,2.806126,2016,10,993.045678873559
962,145435,-70.08874,44.16282,2016-10-01,2.74798,2016,10,993.045678873559
963,145436,-70.08836,44.16282,2016-10-01,2.56264,2016,10,993.045678873559
964,145437,-70.08799,44.16282,2016-10-01,2.129024,2016,10,993.045678873559
965,145438,-70.08761,44.16282,2016-10-01,1.541687,2016,10,952.922621141294
966,145439,-70.08724,44.16282,2016-10-01,1.13058,2016,10,952.922621141294
967,145440,-70.08686,44.16282,2016-10-01,1.130875,2016,10,952.922621141294
968,145441,-70.08649,44.16282,2016-10-01,1.487028,2016,10,952.922621141294
969,145442,-70.08611,44.16282,2016-10-01,1.88066,2016,10,952.922621141294
970,145443,-70.08574,44.16282,2016-10-01,2.065077,2016,10,993.045678873559
971,145444,-70.08536,44.16282,2016-10-01,2.021204,2016,10,993.045678873559
972,145445,-70.08499,44.16282,2016-10-01,1.813643,2016,10,952.922621141294
973,145446,-70.08461,44.16282,2016-10-01,1.573237,2016,10,952.922621141294
974,145447,-70.08424,44.16282,2016-10-01,1.212243,2016,10,952.922621141294
975,145448,-70.08386,44.16282,2016-10-01,0.7532606,2016,10,501.53822165331263
976,145449,-70.08349,44.16282,2016-10-01,0.1137886,2016,10,501.53822165331263
977,145450,-70.08311,44.16282,2016-10-01,-0.5611498,2016,10,501.53822165331263
978,145451,-70.08274,44.16282,2016-10-01,-1.183623,2016,10,50.15382216533126
979,145452,-70.08236,44.16282,2016-10-01,-1.626109,2016,10,50.15382216533126
980,145453,-70.08199,44.16282,2016-10-01,-1.915494,2016,10,50.15382216533126
981,145454,-70.10449,44.16255,2016-10-01,-0.7381082,2016,10,501.53822165331263
982,145455,-70.10411,44.16255,2016-10-01,-0.7107974,2016,10,501.53822165331263
983,145456,-70.10374,44.16255,2016-10-01,-0.5302652,2016,10,501.53822165331263
984,145457,-70.10336,44.16255,2016-10-01,-0.281089,2016,10,501.53822165331263
985,145458,-70.10299,44.16255,2016-10-01,-0.18555,2016,10,501.53822165331263
986,145459,-70.10261,44.16255,2016-10-01,-0.0875714,2016,10,501.53822165331263
987,145460,-70.10224,44.16255,2016-10-01,-0.1447636,2016,10,501.53822165331263
988,145461,-70.09736,44.16255,2016-10-01,-3.091256,2016,10,10.030764433066253
989,145462,-70.09699,44.16255,2016-10-01,-2.872352,2016,10,10.030764433066253
990,145463,-70.09661,44.16255,2016-10-01,-2.664397,2016,10,10.030764433066253
991,145464,-70.09624,44.16255,2016-10-01,-2.998162,2016,10,10.030764433066253
992,145465,-70.09586,44.16255,2016-10-01,-3.605712,2016,10,10.030764433066253
993,145466,-70.09549,44.16255,2016-10-01,-4.157181,2016,10,10.030764433066253
994,145467,-70.09511,44.16255,2016-10-01,-4.477192,2016,10,10.030764433066253
995,145468,-70.09474,44.16255,2016-10-01,-4.415976,2016,10,10.030764433066253
996,145469,-70.09436,44.16255,2016-10-01,-4.312025,2016,10,10.030764433066253
997,145470,-70.09324,44.16255,2016-10-01,1.094835,2016,10,952.922621141294
998,145471,-70.09286,44.16255,2016-10-01,1.524352,2016,10,952.922621141294
999,145472,-70.09249,44.16255,2016-10-01,2.16058,2016,10,993.045678873559
1000,145473,-70.09211,44.16255,2016-10-01,2.507506,2016,10,993.045678873559
1001,145474,-70.09174,44.16255,2016-10-01,2.709224,2016,10,993.045678873559
1002,145475,-70.09136,44.16255,2016-10-01,2.845899,2016,10,993.045678873559
1003,145476,-70.09099,44.16255,2016-10-01,2.851581,2016,10,993.045678873559
1004,145477,-70.09061,44.16255,2016-10-01,2.788614,2016,10,993.045678873559
1005,145478,-70.09024,44.16255,2016-10-01,2.833885,2016,10,993.045678873559
1006,145479,-70.08986,44.16255,2016-10-01,2.872548,2016,10,993.045678873559
1007,145480,-70.08949,44.16255,2016-10-01,2.87139,2016,10,993.045678873559
1008,145481,-70.08911,44.16255,2016-10-01,2.87706,2016,10,993.045678873559
1009,145482,-70.08874,44.16255,2016-10-01,2.823369,2016,10,993.045678873559
1010,145483,-70.08836,44.16255,2016-10-01,2.74433,2016,10,993.045678873559
1011,145484,-70.08799,44.16255,2016-10-01,2.399514,2016,10,993.045678873559
1012,145485,-70.08761,44.16255,2016-10-01,1.800615,2016,10,952.922621141294
1013,145486,-70.08724,44.16255,2016-10-01,1.303231,2016,10,952.922621141294
1014,145487,-70.08686,44.16255,2016-10-01,1.188561,2016,10,952.922621141294
1015,145488,-70.08649,44.16255,2016-10-01,1.423202,2016,10,952.922621141294
1016,145489,-70.08611,44.16255,2016-10-01,1.749099,2016,10,952.922621141294
1017,145490,-70.08574,44.16255,2016-10-01,1.913466,2016,10,952.922621141294
1018,145491,-70.08536,44.16255,2016-10-01,1.915326,2016,10,952.922621141294
1019,145492,-70.08499,44.16255,2016-10-01,1.751148,2016,10,952.922621141294
1020,145493,-70.08461,44.16255,2016-10-01,1.496306,2016,10,952.922621141294
1021,145494,-70.08424,44.16255,2016-10-01,1.036082,2016,10,952.922621141294
1022,145495,-70.08386,44.16255,2016-10-01,0.1887269,2016,10,501.53822165331263
1023,145496,-70.08349,44.16255,2016-10-01,-0.9572983,2016,10,501.53822165331263
1024,145497,-70.08311,44.16255,2016-10-01,-1.754283,2016,10,50.15382216533126
1025,145498,-70.08274,44.16255,2016-10-01,-1.73843,2016,10,50.15382216533126
1026,145499,-70.08236,44.16255,2016-10-01,-1.602366,2016,10,50.15382216533126
1027,145500,-70.10636,44.16228,2016-10-01,-0.620429,2016,10,501.53822165331263
1028,145501,-70.10599,44.16228,2016-10-01,-0.4158528,2016,10,501.53822165331263
1029,145502,-70.10561,44.16228,2016-10-01,-0.2779653,2016,10,501.53822165331263
1030,145503,-70.10524,44.16228,2016-10-01,-0.3097494,2016,10,501.53822165331263
1031,145504,-70.10486,44.16228,2016-10-01,-0.6201957,2016,10,501.53822165331263
1032,145505,-70.10449,44.16228,2016-10-01,-0.7525055,2016,10,501.53822165331263
1033,145506,-70.10411,44.16228,2016-10-01,-0.715944,2016,10,501.53822165331263
1034,145507,-70.10374,44.16228,2016-10-01,-0.52284,2016,10,501.53822165331263
1035,145508,-70.10336,44.16228,2016-10-01,-0.2537749,2016,10,501.53822165331263
1036,145509,-70.10299,44.16228,2016-10-01,-0.1603587,2016,10,501.53822165331263
1037,145510,-70.10261,44.16228,2016-10-01,-0.08542714,2016,10,501.53822165331263
1038,145511,-70.10224,44.16228,2016-10-01,-0.121986,2016,10,501.53822165331263
1039,145512,-70.10186,44.16228,2016-10-01,-0.01032413,2016,10,501.53822165331263
1040,145513,-70.10149,44.16228,2016-10-01,0.1360322,2016,10,501.53822165331263
1041,145514,-70.10111,44.16228,2016-10-01,0.110558,2016,10,501.53822165331263
1042,145515,-70.10074,44.16228,2016-10-01,0.06287729,2016,10,501.53822165331263
1043,145516,-70.10036,44.16228,2016-10-01,0.05559645,2016,10,501.53822165331263
1044,145517,-70.09999,44.16228,2016-10-01,0.1157806,2016,10,501.53822165331263
1045,145518,-70.09961,44.16228,2016-10-01,0.1368349,2016,10,501.53822165331263
1046,145519,-70.09924,44.16228,2016-10-01,0.2259313,2016,10,501.53822165331263
1047,145520,-70.09774,44.16228,2016-10-01,0.5709769,2016,10,501.53822165331263
1048,145521,-70.09736,44.16228,2016-10-01,0.4979825,2016,10,501.53822165331263
1049,145522,-70.09699,44.16228,2016-10-01,-0.1878047,2016,10,501.53822165331263
1050,145523,-70.09661,44.16228,2016-10-01,-0.7920219,2016,10,501.53822165331263
1051,145524,-70.09624,44.16228,2016-10-01,-0.9513009,2016,10,501.53822165331263
1052,145525,-70.09586,44.16228,2016-10-01,-1.316647,2016,10,50.15382216533126
1053,145526,-70.09549,44.16228,2016-10-01,-1.736763,2016,10,50.15382216533126
1054,145527,-70.09511,44.16228,2016-10-01,-2.760655,2016,10,10.030764433066253
1055,145528,-70.09474,44.16228,2016-10-01,-3.581201,2016,10,10.030764433066253
1056,145529,-70.09361,44.16228,2016-10-01,1.702865,2016,10,952.922621141294
1057,145530,-70.09324,44.16228,2016-10-01,2.024157,2016,10,993.045678873559
1058,145531,-70.09286,44.16228,2016-10-01,2.352451,2016,10,993.045678873559
1059,145532,-70.09249,44.16228,2016-10-01,2.64049,2016,10,993.045678873559
1060,145533,-70.09211,44.16228,2016-10-01,2.792315,2016,10,993.045678873559
1061,145534,-70.09174,44.16228,2016-10-01,2.873309,2016,10,993.045678873559
1062,145535,-70.09136,44.16228,2016-10-01,2.923923,2016,10,993.045678873559
1063,145536,-70.09099,44.16228,2016-10-01,2.936635,2016,10,993.045678873559
1064,145537,-70.09061,44.16228,2016-10-01,2.902115,2016,10,993.045678873559
1065,145538,-70.09024,44.16228,2016-10-01,2.951801,2016,10,993.045678873559
1066,145539,-70.08986,44.16228,2016-10-01,3.022095,2016,10,993.045678873559
1067,145540,-70.08949,44.16228,2016-10-01,3.042892,2016,10,993.045678873559
1068,145541,-70.08911,44.16228,2016-10-01,3.063896,2016,10,993.045678873559
1069,145542,-70.08874,44.16228,2016-10-01,3.028042,2016,10,993.045678873559
1070,145543,-70.08836,44.16228,2016-10-01,2.992812,2016,10,993.045678873559
1071,145544,-70.08799,44.16228,2016-10-01,2.719653,2016,10,993.045678873559
1072,145545,-70.08761,44.16228,2016-10-01,2.146431,2016,10,993.045678873559
1073,145546,-70.08724,44.16228,2016-10-01,1.548145,2016,10,952.922621141294
1074,145547,-70.08686,44.16228,2016-10-01,1.273723,2016,10,952.922621141294
1075,145548,-70.08649,44.16228,2016-10-01,1.434052,2016,10,952.922621141294
1076,145549,-70.08611,44.16228,2016-10-01,1.756519,2016,10,952.922621141294
1077,145550,-70.08574,44.16228,2016-10-01,1.952031,2016,10,952.922621141294
1078,145551,-70.08536,44.16228,2016-10-01,1.992094,2016,10,993.045678873559
1079,145552,-70.08499,44.16228,2016-10-01,1.903862,2016,10,952.922621141294
1080,145553,-70.08461,44.16228,2016-10-01,1.661994,2016,10,952.922621141294
1081,145554,-70.08424,44.16228,2016-10-01,1.133841,2016,10,952.922621141294
1082,145555,-70.08386,44.16228,2016-10-01,0.1801333,2016,10,501.53822165331263
1083,145556,-70.08349,44.16228,2016-10-01,-0.9979592,2016,10,501.53822165331263
1084,145557,-70.08311,44.16228,2016-10-01,-1.724446,2016,10,50.15382216533126
1085,145558,-70.08274,44.16228,2016-10-01,-1.881814,2016,10,50.15382216533126
1086,145559,-70.10749,44.16201,2016-10-01,-0.9801203,2016,10,501.53822165331263
1087,145560,-70.10711,44.16201,2016-10-01,-1.123281,2016,10,50.15382216533126
1088,145561,-70.10674,44.16201,2016-10-01,-0.9491073,2016,10,501.53822165331263
1089,145562,-70.10636,44.16201,2016-10-01,-0.6311519,2016,10,501.53822165331263
1090,145563,-70.10599,44.16201,2016-10-01,-0.4088202,2016,10,501.53822165331263
1091,145564,-70.10561,44.16201,2016-10-01,-0.2658439,2016,10,501.53822165331263
1092,145565,-70.10524,44.16201,2016-10-01,-0.2928906,2016,10,501.53822165331263
1093,145566,-70.10486,44.16201,2016-10-01,-0.5835961,2016,10,501.53822165331263
1094,145567,-70.10449,44.16201,2016-10-01,-0.7330365,2016,10,501.53822165331263
1095,145568,-70.10411,44.16201,2016-10-01,-0.6335784,2016,10,501.53822165331263
1096,145569,-70.10374,44.16201,2016-10-01,-0.3659772,2016,10,501.53822165331263
1097,145570,-70.10336,44.16201,2016-10-01,-0.05657105,2016,10,501.53822165331263
1098,145571,-70.10299,44.16201,2016-10-01,0.02376829,2016,10,501.53822165331263
1099,145572,-70.10261,44.16201,2016-10-01,0.02450021,2016,10,501.53822165331263
1100,145573,-70.10224,44.16201,2016-10-01,0.05257386,2016,10,501.53822165331263
1101,145574,-70.10186,44.16201,2016-10-01,0.1462021,2016,10,501.53822165331263
1102,145575,-70.10149,44.16201,2016-10-01,0.2089238,2016,10,501.53822165331263
1103,145576,-70.10111,44.16201,2016-10-01,0.1849459,2016,10,501.53822165331263
1104,145577,-70.10074,44.16201,2016-10-01,0.1443762,2016,10,501.53822165331263
1105,145578,-70.10036,44.16201,2016-10-01,0.1347147,2016,10,501.53822165331263
1106,145579,-70.09999,44.16201,2016-10-01,0.1923863,2016,10,501.53822165331263
1107,145580,-70.09961,44.16201,2016-10-01,0.2143127,2016,10,501.53822165331263
1108,145581,-70.09924,44.16201,2016-10-01,0.3037002,2016,10,501.53822165331263
1109,145582,-70.09886,44.16201,2016-10-01,0.4835399,2016,10,501.53822165331263
1110,145583,-70.09849,44.16201,2016-10-01,0.7193656,2016,10,501.53822165331263
1111,145584,-70.09811,44.16201,2016-10-01,0.7622765,2016,10,501.53822165331263
1112,145585,-70.09774,44.16201,2016-10-01,0.7013089,2016,10,501.53822165331263
1113,145586,-70.09736,44.16201,2016-10-01,0.6964487,2016,10,501.53822165331263
1114,145587,-70.09699,44.16201,2016-10-01,0.6529519,2016,10,501.53822165331263
1115,145588,-70.09661,44.16201,2016-10-01,0.6582815,2016,10,501.53822165331263
1116,145589,-70.09624,44.16201,2016-10-01,0.7205742,2016,10,501.53822165331263
1117,145590,-70.09586,44.16201,2016-10-01,0.6510883,2016,10,501.53822165331263
1118,145591,-70.09549,44.16201,2016-10-01,0.5446178,2016,10,501.53822165331263
1119,145592,-70.09511,44.16201,2016-10-01,1.130934,2016,10,952.922621141294
1120,145593,-70.09474,44.16201,2016-10-01,1.905172,2016,10,952.922621141294
1121,145594,-70.09436,44.16201,2016-10-01,2.054006,2016,10,993.045678873559
1122,145595,-70.09399,44.16201,2016-10-01,1.92967,2016,10,952.922621141294
1123,145596,-70.09361,44.16201,2016-10-01,1.950806,2016,10,952.922621141294
1124,145597,-70.09324,44.16201,2016-10-01,2.238514,2016,10,993.045678873559
1125,145598,-70.09286,44.16201,2016-10-01,2.520916,2016,10,993.045678873559
1126,145599,-70.09249,44.16201,2016-10-01,2.685081,2016,10,993.045678873559
1127,145600,-70.09211,44.16201,2016-10-01,2.816691,2016,10,993.045678873559
1128,145601,-70.09174,44.16201,2016-10-01,2.935674,2016,10,993.045678873559
1129,145602,-70.09136,44.16201,2016-10-01,2.976796,2016,10,993.045678873559
1130,145603,-70.09099,44.16201,2016-10-01,2.956519,2016,10,993.045678873559
1131,145604,-70.09061,44.16201,2016-10-01,2.946718,2016,10,993.045678873559
1132,145605,-70.09024,44.16201,2016-10-01,3.031407,2016,10,993.045678873559
1133,145606,-70.08986,44.16201,2016-10-01,3.129789,2016,10,993.045678873559
1134,145607,-70.08949,44.16201,2016-10-01,3.173845,2016,10,993.045678873559
1135,145608,-70.08911,44.16201,2016-10-01,3.163172,2016,10,993.045678873559
1136,145609,-70.08874,44.16201,2016-10-01,3.183784,2016,10,993.045678873559
1137,145610,-70.08836,44.16201,2016-10-01,3.202724,2016,10,993.045678873559
1138,145611,-70.08799,44.16201,2016-10-01,2.989887,2016,10,993.045678873559
1139,145612,-70.08761,44.16201,2016-10-01,2.446786,2016,10,993.045678873559
1140,145613,-70.08724,44.16201,2016-10-01,1.841415,2016,10,952.922621141294
1141,145614,-70.08686,44.16201,2016-10-01,1.514981,2016,10,952.922621141294
1142,145615,-70.08649,44.16201,2016-10-01,1.585714,2016,10,952.922621141294
1143,145616,-70.08611,44.16201,2016-10-01,1.861181,2016,10,952.922621141294
1144,145617,-70.08574,44.16201,2016-10-01,2.039444,2016,10,993.045678873559
1145,145618,-70.08536,44.16201,2016-10-01,2.064391,2016,10,993.045678873559
1146,145619,-70.08499,44.16201,2016-10-01,1.966308,2016,10,993.045678873559
1147,145620,-70.08461,44.16201,2016-10-01,1.653079,2016,10,952.922621141294
1148,145621,-70.08424,44.16201,2016-10-01,1.074756,2016,10,952.922621141294
1149,145622,-70.08386,44.16201,2016-10-01,0.2061708,2016,10,501.53822165331263
1150,145623,-70.08349,44.16201,2016-10-01,-0.9742027,2016,10,501.53822165331263
1151,145624,-70.08311,44.16201,2016-10-01,-1.704671,2016,10,50.15382216533126
1152,145625,-70.10786,44.16174,2016-10-01,-0.8517248,2016,10,501.53822165331263
1153,145626,-70.10749,44.16174,2016-10-01,-0.9771571,2016,10,501.53822165331263
1154,145627,-70.10711,44.16174,2016-10-01,-1.117883,2016,10,50.15382216533126
1155,145628,-70.10674,44.16174,2016-10-01,-1.00002,2016,10,50.15382216533126
1156,145629,-70.10636,44.16174,2016-10-01,-0.7017121,2016,10,501.53822165331263
1157,145630,-70.10599,44.16174,2016-10-01,-0.3309519,2016,10,501.53822165331263
1158,145631,-70.10561,44.16174,2016-10-01,-0.1338872,2016,10,501.53822165331263
1159,145632,-70.10524,44.16174,2016-10-01,-0.154983,2016,10,501.53822165331263
1160,145633,-70.10486,44.16174,2016-10-01,-0.1969194,2016,10,501.53822165331263
1161,145634,-70.10449,44.16174,2016-10-01,-0.08150841,2016,10,501.53822165331263
1162,145635,-70.10411,44.16174,2016-10-01,0.0737936,2016,10,501.53822165331263
1163,145636,-70.10374,44.16174,2016-10-01,0.2193809,2016,10,501.53822165331263
1164,145637,-70.10336,44.16174,2016-10-01,0.3605992,2016,10,501.53822165331263
1165,145638,-70.10299,44.16174,2016-10-01,0.4300795,2016,10,501.53822165331263
1166,145639,-70.10261,44.16174,2016-10-01,0.4971526,2016,10,501.53822165331263
1167,145640,-70.10224,44.16174,2016-10-01,0.5381912,2016,10,501.53822165331263
1168,145641,-70.10186,44.16174,2016-10-01,0.5510327,2016,10,501.53822165331263
1169,145642,-70.10149,44.16174,2016-10-01,0.5324142,2016,10,501.53822165331263
1170,145643,-70.10111,44.16174,2016-10-01,0.510949,2016,10,501.53822165331263
1171,145644,-70.10074,44.16174,2016-10-01,0.4828386,2016,10,501.53822165331263
1172,145645,-70.10036,44.16174,2016-10-01,0.4779641,2016,10,501.53822165331263
1173,145646,-70.09999,44.16174,2016-10-01,0.5290779,2016,10,501.53822165331263
1174,145647,-70.09961,44.16174,2016-10-01,0.5616856,2016,10,501.53822165331263
1175,145648,-70.09924,44.16174,2016-10-01,0.6409599,2016,10,501.53822165331263
1176,145649,-70.09886,44.16174,2016-10-01,0.7124029,2016,10,501.53822165331263
1177,145650,-70.09849,44.16174,2016-10-01,0.8506762,2016,10,501.53822165331263
1178,145651,-70.09811,44.16174,2016-10-01,0.9888107,2016,10,501.53822165331263
1179,145652,-70.09774,44.16174,2016-10-01,1.077669,2016,10,952.922621141294
1180,145653,-70.09736,44.16174,2016-10-01,1.199615,2016,10,952.922621141294
1181,145654,-70.09699,44.16174,2016-10-01,1.3264,2016,10,952.922621141294
1182,145655,-70.09661,44.16174,2016-10-01,1.463243,2016,10,952.922621141294
1183,145656,-70.09624,44.16174,2016-10-01,1.662006,2016,10,952.922621141294
1184,145657,-70.09586,44.16174,2016-10-01,1.798586,2016,10,952.922621141294
1185,145658,-70.09549,44.16174,2016-10-01,1.985983,2016,10,993.045678873559
1186,145659,-70.09511,44.16174,2016-10-01,2.197193,2016,10,993.045678873559
1187,145660,-70.09474,44.16174,2016-10-01,2.359507,2016,10,993.045678873559
1188,145661,-70.09436,44.16174,2016-10-01,2.462347,2016,10,993.045678873559
1189,145662,-70.09399,44.16174,2016-10-01,2.423791,2016,10,993.045678873559
1190,145663,-70.09361,44.16174,2016-10-01,2.431569,2016,10,993.045678873559
1191,145664,-70.09324,44.16174,2016-10-01,2.445759,2016,10,993.045678873559
1192,145665,-70.09286,44.16174,2016-10-01,2.516371,2016,10,993.045678873559
1193,145666,-70.09249,44.16174,2016-10-01,2.596806,2016,10,993.045678873559
1194,145667,-70.09211,44.16174,2016-10-01,2.774455,2016,10,993.045678873559
1195,145668,-70.09174,44.16174,2016-10-01,2.934692,2016,10,993.045678873559
1196,145669,-70.09136,44.16174,2016-10-01,3.004495,2016,10,993.045678873559
1197,145670,-70.09099,44.16174,2016-10-01,2.993031,2016,10,993.045678873559
1198,145671,-70.09061,44.16174,2016-10-01,3.006885,2016,10,993.045678873559
1199,145672,-70.09024,44.16174,2016-10-01,3.123887,2016,10,993.045678873559
1200,145673,-70.08986,44.16174,2016-10-01,3.226873,2016,10,993.045678873559
1201,145674,-70.08949,44.16174,2016-10-01,3.301729,2016,10,993.045678873559
1202,145675,-70.08911,44.16174,2016-10-01,3.309642,2016,10,993.045678873559
1203,145676,-70.08874,44.16174,2016-10-01,3.391848,2016,10,993.045678873559
1204,145677,-70.08836,44.16174,2016-10-01,3.411394,2016,10,993.045678873559
1205,145678,-70.08799,44.16174,2016-10-01,3.253286,2016,10,993.045678873559
1206,145679,-70.08761,44.16174,2016-10-01,2.720584,2016,10,993.045678873559
1207,145680,-70.08724,44.16174,2016-10-01,2.05082,2016,10,993.045678873559
1208,145681,-70.08686,44.16174,2016-10-01,1.719378,2016,10,952.922621141294
1209,145682,-70.08649,44.16174,2016-10-01,1.722113,2016,10,952.922621141294
1210,145683,-70.08611,44.16174,2016-10-01,1.9682,2016,10,993.045678873559
1211,145684,-70.08574,44.16174,2016-10-01,2.085622,2016,10,993.045678873559
1212,145685,-70.08536,44.16174,2016-10-01,2.042688,2016,10,993.045678873559
1213,145686,-70.08499,44.16174,2016-10-01,1.884199,2016,10,952.922621141294
1214,145687,-70.08461,44.16174,2016-10-01,1.463545,2016,10,952.922621141294
1215,145688,-70.08424,44.16174,2016-10-01,0.9045579,2016,10,501.53822165331263
1216,145689,-70.08386,44.16174,2016-10-01,0.7191603,2016,10,501.53822165331263
1217,145690,-70.10786,44.16147,2016-10-01,-0.7852162,2016,10,501.53822165331263
1218,145691,-70.10749,44.16147,2016-10-01,-0.9931855,2016,10,501.53822165331263
1219,145692,-70.10711,44.16147,2016-10-01,-0.9624845,2016,10,501.53822165331263
1220,145693,-70.10674,44.16147,2016-10-01,-0.7480239,2016,10,501.53822165331263
1221,145694,-70.10636,44.16147,2016-10-01,-0.514749,2016,10,501.53822165331263
1222,145695,-70.10599,44.16147,2016-10-01,-0.2927762,2016,10,501.53822165331263
1223,145696,-70.10561,44.16147,2016-10-01,-0.05139906,2016,10,501.53822165331263
1224,145697,-70.10524,44.16147,2016-10-01,0.1556999,2016,10,501.53822165331263
1225,145698,-70.10486,44.16147,2016-10-01,0.3007239,2016,10,501.53822165331263
1226,145699,-70.10449,44.16147,2016-10-01,0.450292,2016,10,501.53822165331263
1227,145700,-70.10411,44.16147,2016-10-01,0.6124736,2016,10,501.53822165331263
1228,145701,-70.10374,44.16147,2016-10-01,0.7824757,2016,10,501.53822165331263
1229,145702,-70.10336,44.16147,2016-10-01,0.8834971,2016,10,501.53822165331263
1230,145703,-70.10299,44.16147,2016-10-01,0.9321689,2016,10,501.53822165331263
1231,145704,-70.10261,44.16147,2016-10-01,1.012638,2016,10,952.922621141294
1232,145705,-70.10224,44.16147,2016-10-01,1.058288,2016,10,952.922621141294
1233,145706,-70.10186,44.16147,2016-10-01,1.029014,2016,10,952.922621141294
1234,145707,-70.10149,44.16147,2016-10-01,0.9642033,2016,10,501.53822165331263
1235,145708,-70.10111,44.16147,2016-10-01,0.9465091,2016,10,501.53822165331263
1236,145709,-70.10074,44.16147,2016-10-01,0.9420556,2016,10,501.53822165331263
1237,145710,-70.10036,44.16147,2016-10-01,0.9636624,2016,10,501.53822165331263
1238,145711,-70.09999,44.16147,2016-10-01,1.00342,2016,10,952.922621141294
1239,145712,-70.09961,44.16147,2016-10-01,1.047088,2016,10,952.922621141294
1240,145713,-70.09924,44.16147,2016-10-01,1.111637,2016,10,952.922621141294
1241,145714,-70.09886,44.16147,2016-10-01,1.134595,2016,10,952.922621141294
1242,145715,-70.09849,44.16147,2016-10-01,1.212564,2016,10,952.922621141294
1243,145716,-70.09811,44.16147,2016-10-01,1.322114,2016,10,952.922621141294
1244,145717,-70.09774,44.16147,2016-10-01,1.472332,2016,10,952.922621141294
1245,145718,-70.09736,44.16147,2016-10-01,1.648111,2016,10,952.922621141294
1246,145719,-70.09699,44.16147,2016-10-01,1.805898,2016,10,952.922621141294
1247,145720,-70.09661,44.16147,2016-10-01,1.969448,2016,10,993.045678873559
1248,145721,-70.09624,44.16147,2016-10-01,2.18889,2016,10,993.045678873559
1249,145722,-70.09586,44.16147,2016-10-01,2.396003,2016,10,993.045678873559
1250,145723,-70.09549,44.16147,2016-10-01,2.658939,2016,10,993.045678873559
1251,145724,-70.09511,44.16147,2016-10-01,2.895978,2016,10,993.045678873559
1252,145725,-70.09474,44.16147,2016-10-01,3.032898,2016,10,993.045678873559
1253,145726,-70.09436,44.16147,2016-10-01,3.077562,2016,10,993.045678873559
1254,145727,-70.09399,44.16147,2016-10-01,2.990796,2016,10,993.045678873559
1255,145728,-70.09361,44.16147,2016-10-01,2.883638,2016,10,993.045678873559
1256,145729,-70.09324,44.16147,2016-10-01,2.71805,2016,10,993.045678873559
1257,145730,-70.09286,44.16147,2016-10-01,2.6265,2016,10,993.045678873559
1258,145731,-70.09249,44.16147,2016-10-01,2.612601,2016,10,993.045678873559
1259,145732,-70.09211,44.16147,2016-10-01,2.779296,2016,10,993.045678873559
1260,145733,-70.09174,44.16147,2016-10-01,2.933779,2016,10,993.045678873559
1261,145734,-70.09136,44.16147,2016-10-01,3.036122,2016,10,993.045678873559
1262,145735,-70.09099,44.16147,2016-10-01,3.063408,2016,10,993.045678873559
1263,145736,-70.09061,44.16147,2016-10-01,3.083349,2016,10,993.045678873559
1264,145737,-70.09024,44.16147,2016-10-01,3.182794,2016,10,993.045678873559
1265,145738,-70.08986,44.16147,2016-10-01,3.22104,2016,10,993.045678873559
1266,145739,-70.08949,44.16147,2016-10-01,3.280379,2016,10,993.045678873559
1267,145740,-70.08911,44.16147,2016-10-01,3.369478,2016,10,993.045678873559
1268,145741,-70.08874,44.16147,2016-10-01,3.516515,2016,10,993.045678873559
1269,145742,-70.08836,44.16147,2016-10-01,3.578091,2016,10,993.045678873559
1270,145743,-70.08799,44.16147,2016-10-01,3.457595,2016,10,993.045678873559
1271,145744,-70.08761,44.16147,2016-10-01,2.986652,2016,10,993.045678873559
1272,145745,-70.08724,44.16147,2016-10-01,2.291918,2016,10,993.045678873559
1273,145746,-70.08686,44.16147,2016-10-01,1.852573,2016,10,952.922621141294
1274,145747,-70.08649,44.16147,2016-10-01,1.677997,2016,10,952.922621141294
1275,145748,-70.08611,44.16147,2016-10-01,1.862146,2016,10,952.922621141294
1276,145749,-70.08574,44.16147,2016-10-01,1.992135,2016,10,993.045678873559
1277,145750,-70.08536,44.16147,2016-10-01,1.897369,2016,10,952.922621141294
1278,145751,-70.08499,44.16147,2016-10-01,1.614052,2016,10,952.922621141294
1279,145752,-70.08461,44.16147,2016-10-01,1.022632,2016,10,952.922621141294
1280,145753,-70.08424,44.16147,2016-10-01,0.489603,2016,10,501.53822165331263
1281,145754,-70.08386,44.16147,2016-10-01,0.4267722,2016,10,501.53822165331263
1282,145755,-70.10824,44.1612,2016-10-01,-0.5581533,2016,10,501.53822165331263
1283,145756,-70.10786,44.1612,2016-10-01,-0.3884579,2016,10,501.53822165331263
1284,145757,-70.10749,44.1612,2016-10-01,-0.2735039,2016,10,501.53822165331263
1285,145758,-70.10711,44.1612,2016-10-01,-0.190071,2016,10,501.53822165331263
1286,145759,-70.10674,44.1612,2016-10-01,-0.05283013,2016,10,501.53822165331263
1287,145760,-70.10636,44.1612,2016-10-01,0.1140335,2016,10,501.53822165331263
1288,145761,-70.10599,44.1612,2016-10-01,0.2463733,2016,10,501.53822165331263
1289,145762,-70.10561,44.1612,2016-10-01,0.4552131,2016,10,501.53822165331263
1290,145763,-70.10524,44.1612,2016-10-01,0.6598685,2016,10,501.53822165331263
1291,145764,-70.10486,44.1612,2016-10-01,0.8585001,2016,10,501.53822165331263
1292,145765,-70.10449,44.1612,2016-10-01,1.026057,2016,10,952.922621141294
1293,145766,-70.10411,44.1612,2016-10-01,1.135812,2016,10,952.922621141294
1294,145767,-70.10374,44.1612,2016-10-01,1.245724,2016,10,952.922621141294
1295,145768,-70.10336,44.1612,2016-10-01,1.328549,2016,10,952.922621141294
1296,145769,-70.10299,44.1612,2016-10-01,1.404887,2016,10,952.922621141294
1297,145770,-70.10261,44.1612,2016-10-01,1.473081,2016,10,952.922621141294
1298,145771,-70.10224,44.1612,2016-10-01,1.474294,2016,10,952.922621141294
1299,145772,-70.10186,44.1612,2016-10-01,1.399669,2016,10,952.922621141294
1300,145773,-70.10149,44.1612,2016-10-01,1.327458,2016,10,952.922621141294
1301,145774,-70.10111,44.1612,2016-10-01,1.292308,2016,10,952.922621141294
1302,145775,-70.10074,44.1612,2016-10-01,1.315662,2016,10,952.922621141294
1303,145776,-70.10036,44.1612,2016-10-01,1.334459,2016,10,952.922621141294
1304,145777,-70.09999,44.1612,2016-10-01,1.327067,2016,10,952.922621141294
1305,145778,-70.09961,44.1612,2016-10-01,1.337855,2016,10,952.922621141294
1306,145779,-70.09924,44.1612,2016-10-01,1.396992,2016,10,952.922621141294
1307,145780,-70.09886,44.1612,2016-10-01,1.420008,2016,10,952.922621141294
1308,145781,-70.09849,44.1612,2016-10-01,1.480482,2016,10,952.922621141294
1309,145782,-70.09811,44.1612,2016-10-01,1.579415,2016,10,952.922621141294
1310,145783,-70.09774,44.1612,2016-10-01,1.715375,2016,10,952.922621141294
1311,145784,-70.09736,44.1612,2016-10-01,1.88158,2016,10,952.922621141294
1312,145785,-70.09699,44.1612,2016-10-01,2.08275,2016,10,993.045678873559
1313,145786,-70.09661,44.1612,2016-10-01,2.296904,2016,10,993.045678873559
1314,145787,-70.09624,44.1612,2016-10-01,2.518439,2016,10,993.045678873559
1315,145788,-70.09586,44.1612,2016-10-01,2.749109,2016,10,993.045678873559
1316,145789,-70.09549,44.1612,2016-10-01,3.006537,2016,10,993.045678873559
1317,145790,-70.09511,44.1612,2016-10-01,3.261137,2016,10,993.045678873559
1318,145791,-70.09474,44.1612,2016-10-01,3.448028,2016,10,993.045678873559
1319,145792,-70.09436,44.1612,2016-10-01,3.512338,2016,10,993.045678873559
1320,145793,-70.09399,44.1612,2016-10-01,3.456433,2016,10,993.045678873559
1321,145794,-70.09361,44.1612,2016-10-01,3.343107,2016,10,993.045678873559
1322,145795,-70.09324,44.1612,2016-10-01,3.13269,2016,10,993.045678873559
1323,145796,-70.09286,44.1612,2016-10-01,2.925741,2016,10,993.045678873559
1324,145797,-70.09249,44.1612,2016-10-01,2.811643,2016,10,993.045678873559
1325,145798,-70.09211,44.1612,2016-10-01,2.882449,2016,10,993.045678873559
1326,145799,-70.09174,44.1612,2016-10-01,3.004703,2016,10,993.045678873559
1327,145800,-70.09136,44.1612,2016-10-01,3.108856,2016,10,993.045678873559
1328,145801,-70.09099,44.1612,2016-10-01,3.153148,2016,10,993.045678873559
1329,145802,-70.09061,44.1612,2016-10-01,3.145693,2016,10,993.045678873559
1330,145803,-70.09024,44.1612,2016-10-01,3.169555,2016,10,993.045678873559
1331,145804,-70.08986,44.1612,2016-10-01,3.169807,2016,10,993.045678873559
1332,145805,-70.08949,44.1612,2016-10-01,3.225451,2016,10,993.045678873559
1333,145806,-70.08911,44.1612,2016-10-01,3.348373,2016,10,993.045678873559
1334,145807,-70.08874,44.1612,2016-10-01,3.540332,2016,10,993.045678873559
1335,145808,-70.08836,44.1612,2016-10-01,3.648586,2016,10,993.045678873559
1336,145809,-70.08799,44.1612,2016-10-01,3.485097,2016,10,993.045678873559
1337,145810,-70.08761,44.1612,2016-10-01,3.029291,2016,10,993.045678873559
1338,145811,-70.08724,44.1612,2016-10-01,2.416509,2016,10,993.045678873559
1339,145812,-70.08686,44.1612,2016-10-01,2.011197,2016,10,993.045678873559
1340,145813,-70.08649,44.1612,2016-10-01,1.811464,2016,10,952.922621141294
1341,145814,-70.08611,44.1612,2016-10-01,1.891126,2016,10,952.922621141294
1342,145815,-70.08574,44.1612,2016-10-01,1.938471,2016,10,952.922621141294
1343,145816,-70.08536,44.1612,2016-10-01,1.760264,2016,10,952.922621141294
1344,145817,-70.08499,44.1612,2016-10-01,1.304528,2016,10,952.922621141294
1345,145818,-70.08461,44.1612,2016-10-01,0.5835514,2016,10,501.53822165331263
1346,145819,-70.08424,44.1612,2016-10-01,0.0997949,2016,10,501.53822165331263
1347,145820,-70.08386,44.1612,2016-10-01,0.835634,2016,10,501.53822165331263
1348,145821,-70.08349,44.1612,2016-10-01,1.18152,2016,10,952.922621141294
1349,145822,-70.08311,44.1612,2016-10-01,0.1084412,2016,10,501.53822165331263
1350,145823,-70.10824,44.16093,2016-10-01,-0.5616523,2016,10,501.53822165331263
1351,145824,-70.10786,44.16093,2016-10-01,-0.2805163,2016,10,501.53822165331263
1352,145825,-70.10749,44.16093,2016-10-01,0.03503492,2016,10,501.53822165331263
1353,145826,-70.10711,44.16093,2016-10-01,0.2259179,2016,10,501.53822165331263
1354,145827,-70.10674,44.16093,2016-10-01,0.3876497,2016,10,501.53822165331263
1355,145828,-70.10636,44.16093,2016-10-01,0.5545583,2016,10,501.53822165331263
1356,145829,-70.10599,44.16093,2016-10-01,0.6585643,2016,10,501.53822165331263
1357,145830,-70.10561,44.16093,2016-10-01,0.794289,2016,10,501.53822165331263
1358,145831,-70.10524,44.16093,2016-10-01,0.9532182,2016,10,501.53822165331263
1359,145832,-70.10486,44.16093,2016-10-01,1.100786,2016,10,952.922621141294
1360,145833,-70.10449,44.16093,2016-10-01,1.211399,2016,10,952.922621141294
1361,145834,-70.10411,44.16093,2016-10-01,1.263994,2016,10,952.922621141294
1362,145835,-70.10374,44.16093,2016-10-01,1.341195,2016,10,952.922621141294
1363,145836,-70.10336,44.16093,2016-10-01,1.482122,2016,10,952.922621141294
1364,145837,-70.10299,44.16093,2016-10-01,1.601789,2016,10,952.922621141294
1365,145838,-70.10261,44.16093,2016-10-01,1.690827,2016,10,952.922621141294
1366,145839,-70.10224,44.16093,2016-10-01,1.653033,2016,10,952.922621141294
1367,145840,-70.10186,44.16093,2016-10-01,1.512438,2016,10,952.922621141294
1368,145841,-70.10149,44.16093,2016-10-01,1.493342,2016,10,952.922621141294
1369,145842,-70.10111,44.16093,2016-10-01,1.472533,2016,10,952.922621141294
1370,145843,-70.10074,44.16093,2016-10-01,1.511192,2016,10,952.922621141294
1371,145844,-70.10036,44.16093,2016-10-01,1.510184,2016,10,952.922621141294
1372,145845,-70.09999,44.16093,2016-10-01,1.518215,2016,10,952.922621141294
1373,145846,-70.09961,44.16093,2016-10-01,1.50646,2016,10,952.922621141294
1374,145847,-70.09924,44.16093,2016-10-01,1.535478,2016,10,952.922621141294
1375,145848,-70.09886,44.16093,2016-10-01,1.552123,2016,10,952.922621141294
1376,145849,-70.09849,44.16093,2016-10-01,1.618942,2016,10,952.922621141294
1377,145850,-70.09811,44.16093,2016-10-01,1.728812,2016,10,952.922621141294
1378,145851,-70.09774,44.16093,2016-10-01,1.846922,2016,10,952.922621141294
1379,145852,-70.09736,44.16093,2016-10-01,2.000049,2016,10,993.045678873559
1380,145853,-70.09699,44.16093,2016-10-01,2.219215,2016,10,993.045678873559
1381,145854,-70.09661,44.16093,2016-10-01,2.46489,2016,10,993.045678873559
1382,145855,-70.09624,44.16093,2016-10-01,2.662684,2016,10,993.045678873559
1383,145856,-70.09586,44.16093,2016-10-01,2.915305,2016,10,993.045678873559
1384,145857,-70.09549,44.16093,2016-10-01,3.185443,2016,10,993.045678873559
1385,145858,-70.09511,44.16093,2016-10-01,3.494343,2016,10,993.045678873559
1386,145859,-70.09474,44.16093,2016-10-01,3.716815,2016,10,993.045678873559
1387,145860,-70.09436,44.16093,2016-10-01,3.777993,2016,10,993.045678873559
1388,145861,-70.09399,44.16093,2016-10-01,3.816242,2016,10,993.045678873559
1389,145862,-70.09361,44.16093,2016-10-01,3.758473,2016,10,993.045678873559
1390,145863,-70.09324,44.16093,2016-10-01,3.610279,2016,10,993.045678873559
1391,145864,-70.09286,44.16093,2016-10-01,3.384547,2016,10,993.045678873559
1392,145865,-70.09249,44.16093,2016-10-01,3.178195,2016,10,993.045678873559
1393,145866,-70.09211,44.16093,2016-10-01,3.088594,2016,10,993.045678873559
1394,145867,-70.09174,44.16093,2016-10-01,3.118753,2016,10,993.045678873559
1395,145868,-70.09136,44.16093,2016-10-01,3.161322,2016,10,993.045678873559
1396,145869,-70.09099,44.16093,2016-10-01,3.215205,2016,10,993.045678873559
1397,145870,-70.09061,44.16093,2016-10-01,3.222311,2016,10,993.045678873559
1398,145871,-70.09024,44.16093,2016-10-01,3.167259,2016,10,993.045678873559
1399,145872,-70.08986,44.16093,2016-10-01,3.109986,2016,10,993.045678873559
1400,145873,-70.08949,44.16093,2016-10-01,3.165375,2016,10,993.045678873559
1401,145874,-70.08911,44.16093,2016-10-01,3.298075,2016,10,993.045678873559
1402,145875,-70.08874,44.16093,2016-10-01,3.474734,2016,10,993.045678873559
1403,145876,-70.08836,44.16093,2016-10-01,3.521765,2016,10,993.045678873559
1404,145877,-70.08799,44.16093,2016-10-01,3.370755,2016,10,993.045678873559
1405,145878,-70.08761,44.16093,2016-10-01,2.983458,2016,10,993.045678873559
1406,145879,-70.08724,44.16093,2016-10-01,2.483829,2016,10,993.045678873559
1407,145880,-70.08686,44.16093,2016-10-01,2.121047,2016,10,993.045678873559
1408,145881,-70.08649,44.16093,2016-10-01,1.92049,2016,10,952.922621141294
1409,145882,-70.08611,44.16093,2016-10-01,1.948945,2016,10,952.922621141294
1410,145883,-70.08574,44.16093,2016-10-01,1.955572,2016,10,952.922621141294
1411,145884,-70.08536,44.16093,2016-10-01,1.760002,2016,10,952.922621141294
1412,145885,-70.08499,44.16093,2016-10-01,1.232961,2016,10,952.922621141294
1413,145886,-70.08461,44.16093,2016-10-01,0.4206512,2016,10,501.53822165331263
1414,145887,-70.08424,44.16093,2016-10-01,-0.1177197,2016,10,501.53822165331263
1415,145888,-70.08386,44.16093,2016-10-01,0.5691947,2016,10,501.53822165331263
1416,145889,-70.08349,44.16093,2016-10-01,1.966745,2016,10,993.045678873559
1417,145890,-70.08311,44.16093,2016-10-01,1.894186,2016,10,952.922621141294
1418,145891,-70.10861,44.16066,2016-10-01,-0.8557746,2016,10,501.53822165331263
1419,145892,-70.10824,44.16066,2016-10-01,-0.6559239,2016,10,501.53822165331263
1420,145893,-70.10786,44.16066,2016-10-01,-0.2184994,2016,10,501.53822165331263
1421,145894,-70.10749,44.16066,2016-10-01,0.1773975,2016,10,501.53822165331263
1422,145895,-70.10711,44.16066,2016-10-01,0.3512506,2016,10,501.53822165331263
1423,145896,-70.10674,44.16066,2016-10-01,0.4521731,2016,10,501.53822165331263
1424,145897,-70.10636,44.16066,2016-10-01,0.5872539,2016,10,501.53822165331263
1425,145898,-70.10599,44.16066,2016-10-01,0.7247701,2016,10,501.53822165331263
1426,145899,-70.10561,44.16066,2016-10-01,0.8399651,2016,10,501.53822165331263
1427,145900,-70.10524,44.16066,2016-10-01,1.009399,2016,10,952.922621141294
1428,145901,-70.10486,44.16066,2016-10-01,1.136818,2016,10,952.922621141294
1429,145902,-70.10449,44.16066,2016-10-01,1.247512,2016,10,952.922621141294
1430,145903,-70.10411,44.16066,2016-10-01,1.336597,2016,10,952.922621141294
1431,145904,-70.10374,44.16066,2016-10-01,1.341655,2016,10,952.922621141294
1432,145905,-70.10336,44.16066,2016-10-01,1.465103,2016,10,952.922621141294
1433,145906,-70.10299,44.16066,2016-10-01,1.557227,2016,10,952.922621141294
1434,145907,-70.10261,44.16066,2016-10-01,1.61666,2016,10,952.922621141294
1435,145908,-70.10224,44.16066,2016-10-01,1.675524,2016,10,952.922621141294
1436,145909,-70.10186,44.16066,2016-10-01,1.639111,2016,10,952.922621141294
1437,145910,-70.10149,44.16066,2016-10-01,1.661453,2016,10,952.922621141294
1438,145911,-70.10111,44.16066,2016-10-01,1.621929,2016,10,952.922621141294
1439,145912,-70.10074,44.16066,2016-10-01,1.635983,2016,10,952.922621141294
1440,145913,-70.10036,44.16066,2016-10-01,1.583765,2016,10,952.922621141294
1441,145914,-70.09999,44.16066,2016-10-01,1.552755,2016,10,952.922621141294
1442,145915,-70.09961,44.16066,2016-10-01,1.514931,2016,10,952.922621141294
1443,145916,-70.09924,44.16066,2016-10-01,1.538335,2016,10,952.922621141294
1444,145917,-70.09886,44.16066,2016-10-01,1.589042,2016,10,952.922621141294
1445,145918,-70.09849,44.16066,2016-10-01,1.676196,2016,10,952.922621141294
1446,145919,-70.09811,44.16066,2016-10-01,1.808772,2016,10,952.922621141294
1447,145920,-70.09774,44.16066,2016-10-01,1.931896,2016,10,952.922621141294
1448,145921,-70.09736,44.16066,2016-10-01,2.091821,2016,10,993.045678873559
1449,145922,-70.09699,44.16066,2016-10-01,2.295317,2016,10,993.045678873559
1450,145923,-70.09661,44.16066,2016-10-01,2.548823,2016,10,993.045678873559
1451,145924,-70.09624,44.16066,2016-10-01,2.739569,2016,10,993.045678873559
1452,145925,-70.09586,44.16066,2016-10-01,3.011264,2016,10,993.045678873559
1453,145926,-70.09549,44.16066,2016-10-01,3.268795,2016,10,993.045678873559
1454,145927,-70.09511,44.16066,2016-10-01,3.568097,2016,10,993.045678873559
1455,145928,-70.09474,44.16066,2016-10-01,3.842361,2016,10,993.045678873559
1456,145929,-70.09436,44.16066,2016-10-01,3.921371,2016,10,993.045678873559
1457,145930,-70.09399,44.16066,2016-10-01,4.038027,2016,10,993.045678873559
1458,145931,-70.09361,44.16066,2016-10-01,4.037515,2016,10,993.045678873559
1459,145932,-70.09324,44.16066,2016-10-01,3.990791,2016,10,993.045678873559
1460,145933,-70.09286,44.16066,2016-10-01,3.806299,2016,10,993.045678873559
1461,145934,-70.09249,44.16066,2016-10-01,3.557343,2016,10,993.045678873559
1462,145935,-70.09211,44.16066,2016-10-01,3.372073,2016,10,993.045678873559
1463,145936,-70.09174,44.16066,2016-10-01,3.310893,2016,10,993.045678873559
1464,145937,-70.09136,44.16066,2016-10-01,3.276868,2016,10,993.045678873559
1465,145938,-70.09099,44.16066,2016-10-01,3.270416,2016,10,993.045678873559
1466,145939,-70.09061,44.16066,2016-10-01,3.257561,2016,10,993.045678873559
1467,145940,-70.09024,44.16066,2016-10-01,3.17539,2016,10,993.045678873559
1468,145941,-70.08986,44.16066,2016-10-01,3.120583,2016,10,993.045678873559
1469,145942,-70.08949,44.16066,2016-10-01,3.155475,2016,10,993.045678873559
1470,145943,-70.08911,44.16066,2016-10-01,3.26513,2016,10,993.045678873559
1471,145944,-70.08874,44.16066,2016-10-01,3.434684,2016,10,993.045678873559
1472,145945,-70.08836,44.16066,2016-10-01,3.397042,2016,10,993.045678873559
1473,145946,-70.08799,44.16066,2016-10-01,3.21097,2016,10,993.045678873559
1474,145947,-70.08761,44.16066,2016-10-01,2.869962,2016,10,993.045678873559
1475,145948,-70.08724,44.16066,2016-10-01,2.560232,2016,10,993.045678873559
1476,145949,-70.08686,44.16066,2016-10-01,2.402894,2016,10,993.045678873559
1477,145950,-70.08649,44.16066,2016-10-01,2.316308,2016,10,993.045678873559
1478,145951,-70.08611,44.16066,2016-10-01,2.258716,2016,10,993.045678873559
1479,145952,-70.08574,44.16066,2016-10-01,2.125613,2016,10,993.045678873559
1480,145953,-70.08536,44.16066,2016-10-01,1.76717,2016,10,952.922621141294
1481,145954,-70.08499,44.16066,2016-10-01,1.101775,2016,10,952.922621141294
1482,145955,-70.08461,44.16066,2016-10-01,0.2850478,2016,10,501.53822165331263
1483,145956,-70.08424,44.16066,2016-10-01,-0.1866262,2016,10,501.53822165331263
1484,145957,-70.08386,44.16066,2016-10-01,-0.251541,2016,10,501.53822165331263
1485,145958,-70.08349,44.16066,2016-10-01,0.08054863,2016,10,501.53822165331263
1486,145959,-70.08311,44.16066,2016-10-01,0.1411216,2016,10,501.53822165331263
1487,145960,-70.08274,44.16066,2016-10-01,-0.1636998,2016,10,501.53822165331263
1488,145961,-70.10936,44.16039,2016-10-01,-0.753695,2016,10,501.53822165331263
1489,145962,-70.10899,44.16039,2016-10-01,-0.955268,2016,10,501.53822165331263
1490,145963,-70.10861,44.16039,2016-10-01,-0.7794871,2016,10,501.53822165331263
1491,145964,-70.10824,44.16039,2016-10-01,-0.4544284,2016,10,501.53822165331263
1492,145965,-70.10786,44.16039,2016-10-01,-0.04420792,2016,10,501.53822165331263
1493,145966,-70.10749,44.16039,2016-10-01,0.2083279,2016,10,501.53822165331263
1494,145967,-70.10711,44.16039,2016-10-01,0.282908,2016,10,501.53822165331263
1495,145968,-70.10674,44.16039,2016-10-01,0.3782635,2016,10,501.53822165331263
1496,145969,-70.10636,44.16039,2016-10-01,0.4800711,2016,10,501.53822165331263
1497,145970,-70.10599,44.16039,2016-10-01,0.63459,2016,10,501.53822165331263
1498,145971,-70.10561,44.16039,2016-10-01,0.7534039,2016,10,501.53822165331263
1499,145972,-70.10524,44.16039,2016-10-01,0.8731632,2016,10,501.53822165331263
1500,145973,-70.10486,44.16039,2016-10-01,1.030636,2016,10,952.922621141294
1501,145974,-70.10449,44.16039,2016-10-01,1.09376,2016,10,952.922621141294
1502,145975,-70.10411,44.16039,2016-10-01,1.117651,2016,10,952.922621141294
1503,145976,-70.10374,44.16039,2016-10-01,1.094441,2016,10,952.922621141294
1504,145977,-70.10336,44.16039,2016-10-01,1.22219,2016,10,952.922621141294
1505,145978,-70.10299,44.16039,2016-10-01,1.393732,2016,10,952.922621141294
1506,145979,-70.10261,44.16039,2016-10-01,1.509122,2016,10,952.922621141294
1507,145980,-70.10224,44.16039,2016-10-01,1.618708,2016,10,952.922621141294
1508,145981,-70.10186,44.16039,2016-10-01,1.622237,2016,10,952.922621141294
1509,145982,-70.10149,44.16039,2016-10-01,1.65503,2016,10,952.922621141294
1510,145983,-70.10111,44.16039,2016-10-01,1.622737,2016,10,952.922621141294
1511,145984,-70.10074,44.16039,2016-10-01,1.627895,2016,10,952.922621141294
1512,145985,-70.10036,44.16039,2016-10-01,1.617025,2016,10,952.922621141294
1513,145986,-70.09999,44.16039,2016-10-01,1.619846,2016,10,952.922621141294
1514,145987,-70.09961,44.16039,2016-10-01,1.58181,2016,10,952.922621141294
1515,145988,-70.09924,44.16039,2016-10-01,1.525902,2016,10,952.922621141294
1516,145989,-70.09886,44.16039,2016-10-01,1.561271,2016,10,952.922621141294
1517,145990,-70.09849,44.16039,2016-10-01,1.670565,2016,10,952.922621141294
1518,145991,-70.09811,44.16039,2016-10-01,1.798632,2016,10,952.922621141294
1519,145992,-70.09774,44.16039,2016-10-01,1.922167,2016,10,952.922621141294
1520,145993,-70.09736,44.16039,2016-10-01,2.099462,2016,10,993.045678873559
1521,145994,-70.09699,44.16039,2016-10-01,2.28953,2016,10,993.045678873559
1522,145995,-70.09661,44.16039,2016-10-01,2.572749,2016,10,993.045678873559
1523,145996,-70.09624,44.16039,2016-10-01,2.747885,2016,10,993.045678873559
1524,145997,-70.09586,44.16039,2016-10-01,2.971233,2016,10,993.045678873559
1525,145998,-70.09549,44.16039,2016-10-01,3.246631,2016,10,993.045678873559
1526,145999,-70.09511,44.16039,2016-10-01,3.542625,2016,10,993.045678873559
1527,146000,-70.09474,44.16039,2016-10-01,3.840326,2016,10,993.045678873559
1528,146001,-70.09436,44.16039,2016-10-01,3.94476,2016,10,993.045678873559
1529,146002,-70.09399,44.16039,2016-10-01,4.095679,2016,10,993.045678873559
1530,146003,-70.09361,44.16039,2016-10-01,4.161276,2016,10,993.045678873559
1531,146004,-70.09324,44.16039,2016-10-01,4.194402,2016,10,993.045678873559
1532,146005,-70.09286,44.16039,2016-10-01,4.087389,2016,10,993.045678873559
1533,146006,-70.09249,44.16039,2016-10-01,3.883497,2016,10,993.045678873559
1534,146007,-70.09211,44.16039,2016-10-01,3.655975,2016,10,993.045678873559
1535,146008,-70.09174,44.16039,2016-10-01,3.463359,2016,10,993.045678873559
1536,146009,-70.09136,44.16039,2016-10-01,3.338448,2016,10,993.045678873559
1537,146010,-70.09099,44.16039,2016-10-01,3.299823,2016,10,993.045678873559
1538,146011,-70.09061,44.16039,2016-10-01,3.303958,2016,10,993.045678873559
1539,146012,-70.09024,44.16039,2016-10-01,3.237595,2016,10,993.045678873559
1540,146013,-70.08986,44.16039,2016-10-01,3.229919,2016,10,993.045678873559
1541,146014,-70.08949,44.16039,2016-10-01,3.268391,2016,10,993.045678873559
1542,146015,-70.08911,44.16039,2016-10-01,3.328126,2016,10,993.045678873559
1543,146016,-70.08874,44.16039,2016-10-01,3.428435,2016,10,993.045678873559
1544,146017,-70.08836,44.16039,2016-10-01,3.31429,2016,10,993.045678873559
1545,146018,-70.08799,44.16039,2016-10-01,3.030314,2016,10,993.045678873559
1546,146019,-70.08761,44.16039,2016-10-01,2.705552,2016,10,993.045678873559
1547,146020,-70.08724,44.16039,2016-10-01,2.553678,2016,10,993.045678873559
1548,146021,-70.08686,44.16039,2016-10-01,2.59967,2016,10,993.045678873559
1549,146022,-70.08649,44.16039,2016-10-01,2.711722,2016,10,993.045678873559
1550,146023,-70.08611,44.16039,2016-10-01,2.649769,2016,10,993.045678873559
1551,146024,-70.08574,44.16039,2016-10-01,2.393829,2016,10,993.045678873559
1552,146025,-70.08536,44.16039,2016-10-01,1.86619,2016,10,952.922621141294
1553,146026,-70.08499,44.16039,2016-10-01,1.082667,2016,10,952.922621141294
1554,146027,-70.08461,44.16039,2016-10-01,0.2122396,2016,10,501.53822165331263
1555,146028,-70.08424,44.16039,2016-10-01,-0.2397068,2016,10,501.53822165331263
1556,146029,-70.08386,44.16039,2016-10-01,-0.381165,2016,10,501.53822165331263
1557,146030,-70.08349,44.16039,2016-10-01,-0.24039,2016,10,501.53822165331263
1558,146031,-70.08311,44.16039,2016-10-01,-0.05889051,2016,10,501.53822165331263
1559,146032,-70.08274,44.16039,2016-10-01,-0.1968829,2016,10,501.53822165331263
1560,146033,-70.10974,44.16012,2016-10-01,-0.7197604,2016,10,501.53822165331263
1561,146034,-70.10936,44.16012,2016-10-01,-0.8273202,2016,10,501.53822165331263
1562,146035,-70.10899,44.16012,2016-10-01,-0.8208939,2016,10,501.53822165331263
1563,146036,-70.10861,44.16012,2016-10-01,-0.5719726,2016,10,501.53822165331263
1564,146037,-70.10824,44.16012,2016-10-01,-0.2288268,2016,10,501.53822165331263
1565,146038,-70.10786,44.16012,2016-10-01,0.09286715,2016,10,501.53822165331263
1566,146039,-70.10749,44.16012,2016-10-01,0.2814842,2016,10,501.53822165331263
1567,146040,-70.10711,44.16012,2016-10-01,0.3286694,2016,10,501.53822165331263
1568,146041,-70.10674,44.16012,2016-10-01,0.3960021,2016,10,501.53822165331263
1569,146042,-70.10636,44.16012,2016-10-01,0.4382662,2016,10,501.53822165331263
1570,146043,-70.10599,44.16012,2016-10-01,0.5386579,2016,10,501.53822165331263
1571,146044,-70.10561,44.16012,2016-10-01,0.7089492,2016,10,501.53822165331263
1572,146045,-70.10524,44.16012,2016-10-01,0.884848,2016,10,501.53822165331263
1573,146046,-70.10486,44.16012,2016-10-01,1.077646,2016,10,952.922621141294
1574,146047,-70.10449,44.16012,2016-10-01,1.127246,2016,10,952.922621141294
1575,146048,-70.10411,44.16012,2016-10-01,1.140273,2016,10,952.922621141294
1576,146049,-70.10374,44.16012,2016-10-01,1.143902,2016,10,952.922621141294
1577,146050,-70.10336,44.16012,2016-10-01,1.185647,2016,10,952.922621141294
1578,146051,-70.10299,44.16012,2016-10-01,1.331921,2016,10,952.922621141294
1579,146052,-70.10261,44.16012,2016-10-01,1.499034,2016,10,952.922621141294
1580,146053,-70.10224,44.16012,2016-10-01,1.678154,2016,10,952.922621141294
1581,146054,-70.10186,44.16012,2016-10-01,1.746795,2016,10,952.922621141294
1582,146055,-70.10149,44.16012,2016-10-01,1.799997,2016,10,952.922621141294
1583,146056,-70.10111,44.16012,2016-10-01,1.768669,2016,10,952.922621141294
1584,146057,-70.10074,44.16012,2016-10-01,1.745989,2016,10,952.922621141294
1585,146058,-70.10036,44.16012,2016-10-01,1.723397,2016,10,952.922621141294
1586,146059,-70.09999,44.16012,2016-10-01,1.701238,2016,10,952.922621141294
1587,146060,-70.09961,44.16012,2016-10-01,1.654941,2016,10,952.922621141294
1588,146061,-70.09924,44.16012,2016-10-01,1.623683,2016,10,952.922621141294
1589,146062,-70.09886,44.16012,2016-10-01,1.649378,2016,10,952.922621141294
1590,146063,-70.09849,44.16012,2016-10-01,1.745509,2016,10,952.922621141294
1591,146064,-70.09811,44.16012,2016-10-01,1.839638,2016,10,952.922621141294
1592,146065,-70.09774,44.16012,2016-10-01,1.945789,2016,10,952.922621141294
1593,146066,-70.09736,44.16012,2016-10-01,2.150546,2016,10,993.045678873559
1594,146067,-70.09699,44.16012,2016-10-01,2.325043,2016,10,993.045678873559
1595,146068,-70.09661,44.16012,2016-10-01,2.587241,2016,10,993.045678873559
1596,146069,-70.09624,44.16012,2016-10-01,2.779186,2016,10,993.045678873559
1597,146070,-70.09586,44.16012,2016-10-01,2.976947,2016,10,993.045678873559
1598,146071,-70.09549,44.16012,2016-10-01,3.253788,2016,10,993.045678873559
1599,146072,-70.09511,44.16012,2016-10-01,3.509244,2016,10,993.045678873559
1600,146073,-70.09474,44.16012,2016-10-01,3.716702,2016,10,993.045678873559
1601,146074,-70.09436,44.16012,2016-10-01,3.854588,2016,10,993.045678873559
1602,146075,-70.09399,44.16012,2016-10-01,4.041483,2016,10,993.045678873559
1603,146076,-70.09361,44.16012,2016-10-01,4.189989,2016,10,993.045678873559
1604,146077,-70.09324,44.16012,2016-10-01,4.287126,2016,10,993.045678873559
1605,146078,-70.09286,44.16012,2016-10-01,4.22823,2016,10,993.045678873559
1606,146079,-70.09249,44.16012,2016-10-01,4.098377,2016,10,993.045678873559
1607,146080,-70.09211,44.16012,2016-10-01,3.897325,2016,10,993.045678873559
1608,146081,-70.09174,44.16012,2016-10-01,3.660944,2016,10,993.045678873559
1609,146082,-70.09136,44.16012,2016-10-01,3.454879,2016,10,993.045678873559
1610,146083,-70.09099,44.16012,2016-10-01,3.360181,2016,10,993.045678873559
1611,146084,-70.09061,44.16012,2016-10-01,3.384628,2016,10,993.045678873559
1612,146085,-70.09024,44.16012,2016-10-01,3.377163,2016,10,993.045678873559
1613,146086,-70.08986,44.16012,2016-10-01,3.390174,2016,10,993.045678873559
1614,146087,-70.08949,44.16012,2016-10-01,3.444197,2016,10,993.045678873559
1615,146088,-70.08911,44.16012,2016-10-01,3.519549,2016,10,993.045678873559
1616,146089,-70.08874,44.16012,2016-10-01,3.536355,2016,10,993.045678873559
1617,146090,-70.08836,44.16012,2016-10-01,3.313789,2016,10,993.045678873559
1618,146091,-70.08799,44.16012,2016-10-01,2.905934,2016,10,993.045678873559
1619,146092,-70.08761,44.16012,2016-10-01,2.574062,2016,10,993.045678873559
1620,146093,-70.08724,44.16012,2016-10-01,2.576781,2016,10,993.045678873559
1621,146094,-70.08686,44.16012,2016-10-01,2.861924,2016,10,993.045678873559
1622,146095,-70.08649,44.16012,2016-10-01,3.192563,2016,10,993.045678873559
1623,146096,-70.08611,44.16012,2016-10-01,3.159853,2016,10,993.045678873559
1624,146097,-70.08574,44.16012,2016-10-01,2.713778,2016,10,993.045678873559
1625,146098,-70.08536,44.16012,2016-10-01,1.988798,2016,10,993.045678873559
1626,146099,-70.08499,44.16012,2016-10-01,1.050884,2016,10,952.922621141294
1627,146100,-70.08461,44.16012,2016-10-01,0.1594827,2016,10,501.53822165331263
1628,146101,-70.08424,44.16012,2016-10-01,-0.2513488,2016,10,501.53822165331263
1629,146102,-70.08386,44.16012,2016-10-01,-0.3761029,2016,10,501.53822165331263
1630,146103,-70.08349,44.16012,2016-10-01,-0.3964727,2016,10,501.53822165331263
1631,146104,-70.08311,44.16012,2016-10-01,-0.2881781,2016,10,501.53822165331263
1632,146105,-70.08274,44.16012,2016-10-01,-0.3985469,2016,10,501.53822165331263
1633,146106,-70.10974,44.15985,2016-10-01,-0.6459261,2016,10,501.53822165331263
1634,146107,-70.10936,44.15985,2016-10-01,-0.5903597,2016,10,501.53822165331263
1635,146108,-70.10899,44.15985,2016-10-01,-0.5536083,2016,10,501.53822165331263
1636,146109,-70.10861,44.15985,2016-10-01,-0.3640515,2016,10,501.53822165331263
1637,146110,-70.10824,44.15985,2016-10-01,-0.06804387,2016,10,501.53822165331263
1638,146111,-70.10786,44.15985,2016-10-01,0.1803297,2016,10,501.53822165331263
1639,146112,-70.10749,44.15985,2016-10-01,0.3390419,2016,10,501.53822165331263
1640,146113,-70.10711,44.15985,2016-10-01,0.382,2016,10,501.53822165331263
1641,146114,-70.10674,44.15985,2016-10-01,0.4070885,2016,10,501.53822165331263
1642,146115,-70.10636,44.15985,2016-10-01,0.4446745,2016,10,501.53822165331263
1643,146116,-70.10599,44.15985,2016-10-01,0.6096543,2016,10,501.53822165331263
1644,146117,-70.10561,44.15985,2016-10-01,0.8315029,2016,10,501.53822165331263
1645,146118,-70.10524,44.15985,2016-10-01,1.02292,2016,10,952.922621141294
1646,146119,-70.10486,44.15985,2016-10-01,1.180387,2016,10,952.922621141294
1647,146120,-70.10449,44.15985,2016-10-01,1.200389,2016,10,952.922621141294
1648,146121,-70.10411,44.15985,2016-10-01,1.181861,2016,10,952.922621141294
1649,146122,-70.10374,44.15985,2016-10-01,1.194455,2016,10,952.922621141294
1650,146123,-70.10336,44.15985,2016-10-01,1.252631,2016,10,952.922621141294
1651,146124,-70.10299,44.15985,2016-10-01,1.457617,2016,10,952.922621141294
1652,146125,-70.10261,44.15985,2016-10-01,1.588512,2016,10,952.922621141294
1653,146126,-70.10224,44.15985,2016-10-01,1.752447,2016,10,952.922621141294
1654,146127,-70.10186,44.15985,2016-10-01,1.850388,2016,10,952.922621141294
1655,146128,-70.10149,44.15985,2016-10-01,1.874263,2016,10,952.922621141294
1656,146129,-70.10111,44.15985,2016-10-01,1.815043,2016,10,952.922621141294
1657,146130,-70.10074,44.15985,2016-10-01,1.834227,2016,10,952.922621141294
1658,146131,-70.10036,44.15985,2016-10-01,1.814662,2016,10,952.922621141294
1659,146132,-70.09999,44.15985,2016-10-01,1.789396,2016,10,952.922621141294
1660,146133,-70.09961,44.15985,2016-10-01,1.739468,2016,10,952.922621141294
1661,146134,-70.09924,44.15985,2016-10-01,1.742189,2016,10,952.922621141294
1662,146135,-70.09886,44.15985,2016-10-01,1.753338,2016,10,952.922621141294
1663,146136,-70.09849,44.15985,2016-10-01,1.776764,2016,10,952.922621141294
1664,146137,-70.09811,44.15985,2016-10-01,1.815218,2016,10,952.922621141294
1665,146138,-70.09774,44.15985,2016-10-01,1.921263,2016,10,952.922621141294
1666,146139,-70.09736,44.15985,2016-10-01,2.151415,2016,10,993.045678873559
1667,146140,-70.09699,44.15985,2016-10-01,2.331041,2016,10,993.045678873559
1668,146141,-70.09661,44.15985,2016-10-01,2.558048,2016,10,993.045678873559
1669,146142,-70.09624,44.15985,2016-10-01,2.766648,2016,10,993.045678873559
1670,146143,-70.09586,44.15985,2016-10-01,2.974246,2016,10,993.045678873559
1671,146144,-70.09549,44.15985,2016-10-01,3.207205,2016,10,993.045678873559
1672,146145,-70.09511,44.15985,2016-10-01,3.407835,2016,10,993.045678873559
1673,146146,-70.09474,44.15985,2016-10-01,3.580564,2016,10,993.045678873559
1674,146147,-70.09436,44.15985,2016-10-01,3.783091,2016,10,993.045678873559
1675,146148,-70.09399,44.15985,2016-10-01,3.977048,2016,10,993.045678873559
1676,146149,-70.09361,44.15985,2016-10-01,4.123605,2016,10,993.045678873559
1677,146150,-70.09324,44.15985,2016-10-01,4.261172,2016,10,993.045678873559
1678,146151,-70.09286,44.15985,2016-10-01,4.240674,2016,10,993.045678873559
1679,146152,-70.09249,44.15985,2016-10-01,4.168519,2016,10,993.045678873559
1680,146153,-70.09211,44.15985,2016-10-01,3.968574,2016,10,993.045678873559
1681,146154,-70.09174,44.15985,2016-10-01,3.748755,2016,10,993.045678873559
1682,146155,-70.09136,44.15985,2016-10-01,3.540595,2016,10,993.045678873559
1683,146156,-70.09099,44.15985,2016-10-01,3.452944,2016,10,993.045678873559
1684,146157,-70.09061,44.15985,2016-10-01,3.471132,2016,10,993.045678873559
1685,146158,-70.09024,44.15985,2016-10-01,3.504214,2016,10,993.045678873559
1686,146159,-70.08986,44.15985,2016-10-01,3.54353,2016,10,993.045678873559
1687,146160,-70.08949,44.15985,2016-10-01,3.5844,2016,10,993.045678873559
1688,146161,-70.08911,44.15985,2016-10-01,3.629834,2016,10,993.045678873559
1689,146162,-70.08874,44.15985,2016-10-01,3.566319,2016,10,993.045678873559
1690,146163,-70.08836,44.15985,2016-10-01,3.273657,2016,10,993.045678873559
1691,146164,-70.08799,44.15985,2016-10-01,2.804257,2016,10,993.045678873559
1692,146165,-70.08761,44.15985,2016-10-01,2.462881,2016,10,993.045678873559
1693,146166,-70.08724,44.15985,2016-10-01,2.585972,2016,10,993.045678873559
1694,146167,-70.08686,44.15985,2016-10-01,3.052027,2016,10,993.045678873559
1695,146168,-70.08649,44.15985,2016-10-01,3.505159,2016,10,993.045678873559
1696,146169,-70.08611,44.15985,2016-10-01,3.598193,2016,10,993.045678873559
1697,146170,-70.08574,44.15985,2016-10-01,3.130701,2016,10,993.045678873559
1698,146171,-70.08536,44.15985,2016-10-01,2.244355,2016,10,993.045678873559
1699,146172,-70.08499,44.15985,2016-10-01,1.113217,2016,10,952.922621141294
1700,146173,-70.08461,44.15985,2016-10-01,0.1690521,2016,10,501.53822165331263
1701,146174,-70.08424,44.15985,2016-10-01,-0.2481616,2016,10,501.53822165331263
1702,146175,-70.08386,44.15985,2016-10-01,-0.3930769,2016,10,501.53822165331263
1703,146176,-70.08349,44.15985,2016-10-01,-0.5088146,2016,10,501.53822165331263
1704,146177,-70.08311,44.15985,2016-10-01,-0.4116007,2016,10,501.53822165331263
1705,146178,-70.10974,44.15958,2016-10-01,-0.5134932,2016,10,501.53822165331263
1706,146179,-70.10936,44.15958,2016-10-01,-0.498363,2016,10,501.53822165331263
1707,146180,-70.10899,44.15958,2016-10-01,-0.4784462,2016,10,501.53822165331263
1708,146181,-70.10861,44.15958,2016-10-01,-0.2798986,2016,10,501.53822165331263
1709,146182,-70.10824,44.15958,2016-10-01,0.03150581,2016,10,501.53822165331263
1710,146183,-70.10786,44.15958,2016-10-01,0.2770647,2016,10,501.53822165331263
1711,146184,-70.10749,44.15958,2016-10-01,0.4177882,2016,10,501.53822165331263
1712,146185,-70.10711,44.15958,2016-10-01,0.4726591,2016,10,501.53822165331263
1713,146186,-70.10674,44.15958,2016-10-01,0.5745596,2016,10,501.53822165331263
1714,146187,-70.10636,44.15958,2016-10-01,0.6067434,2016,10,501.53822165331263
1715,146188,-70.10599,44.15958,2016-10-01,0.742163,2016,10,501.53822165331263
1716,146189,-70.10561,44.15958,2016-10-01,0.9461115,2016,10,501.53822165331263
1717,146190,-70.10524,44.15958,2016-10-01,1.177529,2016,10,952.922621141294
1718,146191,-70.10486,44.15958,2016-10-01,1.363502,2016,10,952.922621141294
1719,146192,-70.10449,44.15958,2016-10-01,1.377629,2016,10,952.922621141294
1720,146193,-70.10411,44.15958,2016-10-01,1.37442,2016,10,952.922621141294
1721,146194,-70.10374,44.15958,2016-10-01,1.436621,2016,10,952.922621141294
1722,146195,-70.10336,44.15958,2016-10-01,1.487315,2016,10,952.922621141294
1723,146196,-70.10299,44.15958,2016-10-01,1.622603,2016,10,952.922621141294
1724,146197,-70.10261,44.15958,2016-10-01,1.711137,2016,10,952.922621141294
1725,146198,-70.10224,44.15958,2016-10-01,1.848853,2016,10,952.922621141294
1726,146199,-70.10186,44.15958,2016-10-01,1.937936,2016,10,952.922621141294
1727,146200,-70.10149,44.15958,2016-10-01,2.041284,2016,10,993.045678873559
1728,146201,-70.10111,44.15958,2016-10-01,2.02576,2016,10,993.045678873559
1729,146202,-70.10074,44.15958,2016-10-01,2.023075,2016,10,993.045678873559
1730,146203,-70.10036,44.15958,2016-10-01,1.906123,2016,10,952.922621141294
1731,146204,-70.09999,44.15958,2016-10-01,1.894058,2016,10,952.922621141294
1732,146205,-70.09961,44.15958,2016-10-01,1.870055,2016,10,952.922621141294
1733,146206,-70.09924,44.15958,2016-10-01,1.906372,2016,10,952.922621141294
1734,146207,-70.09886,44.15958,2016-10-01,1.909237,2016,10,952.922621141294
1735,146208,-70.09849,44.15958,2016-10-01,1.868472,2016,10,952.922621141294
1736,146209,-70.09811,44.15958,2016-10-01,1.890425,2016,10,952.922621141294
1737,146210,-70.09774,44.15958,2016-10-01,1.973925,2016,10,993.045678873559
1738,146211,-70.09736,44.15958,2016-10-01,2.193531,2016,10,993.045678873559
1739,146212,-70.09699,44.15958,2016-10-01,2.392085,2016,10,993.045678873559
1740,146213,-70.09661,44.15958,2016-10-01,2.594877,2016,10,993.045678873559
1741,146214,-70.09624,44.15958,2016-10-01,2.781147,2016,10,993.045678873559
1742,146215,-70.09586,44.15958,2016-10-01,2.993057,2016,10,993.045678873559
1743,146216,-70.09549,44.15958,2016-10-01,3.182478,2016,10,993.045678873559
1744,146217,-70.09511,44.15958,2016-10-01,3.355384,2016,10,993.045678873559
1745,146218,-70.09474,44.15958,2016-10-01,3.506811,2016,10,993.045678873559
1746,146219,-70.09436,44.15958,2016-10-01,3.687662,2016,10,993.045678873559
1747,146220,-70.09399,44.15958,2016-10-01,3.923839,2016,10,993.045678873559
1748,146221,-70.09361,44.15958,2016-10-01,4.091128,2016,10,993.045678873559
1749,146222,-70.09324,44.15958,2016-10-01,4.224873,2016,10,993.045678873559
1750,146223,-70.09286,44.15958,2016-10-01,4.218295,2016,10,993.045678873559
1751,146224,-70.09249,44.15958,2016-10-01,4.16657,2016,10,993.045678873559
1752,146225,-70.09211,44.15958,2016-10-01,4.004222,2016,10,993.045678873559
1753,146226,-70.09174,44.15958,2016-10-01,3.877688,2016,10,993.045678873559
1754,146227,-70.09136,44.15958,2016-10-01,3.695278,2016,10,993.045678873559
1755,146228,-70.09099,44.15958,2016-10-01,3.628389,2016,10,993.045678873559
1756,146229,-70.09061,44.15958,2016-10-01,3.632288,2016,10,993.045678873559
1757,146230,-70.09024,44.15958,2016-10-01,3.649827,2016,10,993.045678873559
1758,146231,-70.08986,44.15958,2016-10-01,3.68818,2016,10,993.045678873559
1759,146232,-70.08949,44.15958,2016-10-01,3.732734,2016,10,993.045678873559
1760,146233,-70.08911,44.15958,2016-10-01,3.743699,2016,10,993.045678873559
1761,146234,-70.08874,44.15958,2016-10-01,3.610776,2016,10,993.045678873559
1762,146235,-70.08836,44.15958,2016-10-01,3.261139,2016,10,993.045678873559
1763,146236,-70.08799,44.15958,2016-10-01,2.768265,2016,10,993.045678873559
1764,146237,-70.08761,44.15958,2016-10-01,2.436537,2016,10,993.045678873559
1765,146238,-70.08724,44.15958,2016-10-01,2.595003,2016,10,993.045678873559
1766,146239,-70.08686,44.15958,2016-10-01,3.181508,2016,10,993.045678873559
1767,146240,-70.08649,44.15958,2016-10-01,3.747344,2016,10,993.045678873559
1768,146241,-70.08611,44.15958,2016-10-01,3.856583,2016,10,993.045678873559
1769,146242,-70.08574,44.15958,2016-10-01,3.388488,2016,10,993.045678873559
1770,146243,-70.08536,44.15958,2016-10-01,2.517681,2016,10,993.045678873559
1771,146244,-70.08499,44.15958,2016-10-01,1.428507,2016,10,952.922621141294
1772,146245,-70.08461,44.15958,2016-10-01,0.515908,2016,10,501.53822165331263
1773,146246,-70.08424,44.15958,2016-10-01,0.02691001,2016,10,501.53822165331263
1774,146247,-70.08386,44.15958,2016-10-01,-0.3092421,2016,10,501.53822165331263
1775,146248,-70.08349,44.15958,2016-10-01,-0.6291221,2016,10,501.53822165331263
1776,146249,-70.08311,44.15958,2016-10-01,-0.5395584,2016,10,501.53822165331263
1777,146250,-70.11011,44.15931,2016-10-01,-0.2598853,2016,10,501.53822165331263
1778,146251,-70.10974,44.15931,2016-10-01,-0.3692807,2016,10,501.53822165331263
1779,146252,-70.10936,44.15931,2016-10-01,-0.401628,2016,10,501.53822165331263
1780,146253,-70.10899,44.15931,2016-10-01,-0.2713857,2016,10,501.53822165331263
1781,146254,-70.10861,44.15931,2016-10-01,-0.08670796,2016,10,501.53822165331263
1782,146255,-70.10824,44.15931,2016-10-01,0.1096885,2016,10,501.53822165331263
1783,146256,-70.10786,44.15931,2016-10-01,0.3248851,2016,10,501.53822165331263
1784,146257,-70.10749,44.15931,2016-10-01,0.4843327,2016,10,501.53822165331263
1785,146258,-70.10711,44.15931,2016-10-01,0.5810516,2016,10,501.53822165331263
1786,146259,-70.10674,44.15931,2016-10-01,0.6385291,2016,10,501.53822165331263
1787,146260,-70.10636,44.15931,2016-10-01,0.7069053,2016,10,501.53822165331263
1788,146261,-70.10599,44.15931,2016-10-01,0.8919914,2016,10,501.53822165331263
1789,146262,-70.10561,44.15931,2016-10-01,1.104624,2016,10,952.922621141294
1790,146263,-70.10524,44.15931,2016-10-01,1.32796,2016,10,952.922621141294
1791,146264,-70.10486,44.15931,2016-10-01,1.514636,2016,10,952.922621141294
1792,146265,-70.10449,44.15931,2016-10-01,1.579039,2016,10,952.922621141294
1793,146266,-70.10411,44.15931,2016-10-01,1.604006,2016,10,952.922621141294
1794,146267,-70.10374,44.15931,2016-10-01,1.66362,2016,10,952.922621141294
1795,146268,-70.10336,44.15931,2016-10-01,1.735862,2016,10,952.922621141294
1796,146269,-70.10299,44.15931,2016-10-01,1.779905,2016,10,952.922621141294
1797,146270,-70.10261,44.15931,2016-10-01,1.838093,2016,10,952.922621141294
1798,146271,-70.10224,44.15931,2016-10-01,1.935252,2016,10,952.922621141294
1799,146272,-70.10186,44.15931,2016-10-01,2.016052,2016,10,993.045678873559
1800,146273,-70.10149,44.15931,2016-10-01,2.100594,2016,10,993.045678873559
1801,146274,-70.10111,44.15931,2016-10-01,2.061541,2016,10,993.045678873559
1802,146275,-70.10074,44.15931,2016-10-01,2.045605,2016,10,993.045678873559
1803,146276,-70.10036,44.15931,2016-10-01,1.962228,2016,10,993.045678873559
1804,146277,-70.09999,44.15931,2016-10-01,1.980965,2016,10,993.045678873559
1805,146278,-70.09961,44.15931,2016-10-01,1.95372,2016,10,952.922621141294
1806,146279,-70.09924,44.15931,2016-10-01,1.981157,2016,10,993.045678873559
1807,146280,-70.09886,44.15931,2016-10-01,1.977194,2016,10,993.045678873559
1808,146281,-70.09849,44.15931,2016-10-01,1.912413,2016,10,952.922621141294
1809,146282,-70.09811,44.15931,2016-10-01,1.917292,2016,10,952.922621141294
1810,146283,-70.09774,44.15931,2016-10-01,1.994954,2016,10,993.045678873559
1811,146284,-70.09736,44.15931,2016-10-01,2.222359,2016,10,993.045678873559
1812,146285,-70.09699,44.15931,2016-10-01,2.471101,2016,10,993.045678873559
1813,146286,-70.09661,44.15931,2016-10-01,2.678139,2016,10,993.045678873559
1814,146287,-70.09624,44.15931,2016-10-01,2.87879,2016,10,993.045678873559
1815,146288,-70.09586,44.15931,2016-10-01,3.084268,2016,10,993.045678873559
1816,146289,-70.09549,44.15931,2016-10-01,3.248105,2016,10,993.045678873559
1817,146290,-70.09511,44.15931,2016-10-01,3.408762,2016,10,993.045678873559
1818,146291,-70.09474,44.15931,2016-10-01,3.572878,2016,10,993.045678873559
1819,146292,-70.09436,44.15931,2016-10-01,3.72606,2016,10,993.045678873559
1820,146293,-70.09399,44.15931,2016-10-01,3.925783,2016,10,993.045678873559
1821,146294,-70.09361,44.15931,2016-10-01,4.05781,2016,10,993.045678873559
1822,146295,-70.09324,44.15931,2016-10-01,4.135843,2016,10,993.045678873559
1823,146296,-70.09286,44.15931,2016-10-01,4.156062,2016,10,993.045678873559
1824,146297,-70.09249,44.15931,2016-10-01,4.120619,2016,10,993.045678873559
1825,146298,-70.09211,44.15931,2016-10-01,3.982563,2016,10,993.045678873559
1826,146299,-70.09174,44.15931,2016-10-01,3.92581,2016,10,993.045678873559
1827,146300,-70.09136,44.15931,2016-10-01,3.813498,2016,10,993.045678873559
1828,146301,-70.09099,44.15931,2016-10-01,3.778282,2016,10,993.045678873559
1829,146302,-70.09061,44.15931,2016-10-01,3.746736,2016,10,993.045678873559
1830,146303,-70.09024,44.15931,2016-10-01,3.730204,2016,10,993.045678873559
1831,146304,-70.08986,44.15931,2016-10-01,3.737738,2016,10,993.045678873559
1832,146305,-70.08949,44.15931,2016-10-01,3.784289,2016,10,993.045678873559
1833,146306,-70.08911,44.15931,2016-10-01,3.734041,2016,10,993.045678873559
1834,146307,-70.08874,44.15931,2016-10-01,3.578378,2016,10,993.045678873559
1835,146308,-70.08836,44.15931,2016-10-01,3.249083,2016,10,993.045678873559
1836,146309,-70.08799,44.15931,2016-10-01,2.836535,2016,10,993.045678873559
1837,146310,-70.08761,44.15931,2016-10-01,2.552121,2016,10,993.045678873559
1838,146311,-70.08724,44.15931,2016-10-01,2.655208,2016,10,993.045678873559
1839,146312,-70.08686,44.15931,2016-10-01,3.153306,2016,10,993.045678873559
1840,146313,-70.08649,44.15931,2016-10-01,3.657463,2016,10,993.045678873559
1841,146314,-70.08611,44.15931,2016-10-01,3.811873,2016,10,993.045678873559
1842,146315,-70.08574,44.15931,2016-10-01,3.472911,2016,10,993.045678873559
1843,146316,-70.08536,44.15931,2016-10-01,2.783641,2016,10,993.045678873559
1844,146317,-70.08499,44.15931,2016-10-01,1.906113,2016,10,952.922621141294
1845,146318,-70.08461,44.15931,2016-10-01,1.095512,2016,10,952.922621141294
1846,146319,-70.08424,44.15931,2016-10-01,0.5298263,2016,10,501.53822165331263
1847,146320,-70.08386,44.15931,2016-10-01,-0.1195467,2016,10,501.53822165331263
1848,146321,-70.08349,44.15931,2016-10-01,-0.8287778,2016,10,501.53822165331263
1849,146322,-70.08311,44.15931,2016-10-01,-0.8044952,2016,10,501.53822165331263
1850,146323,-70.11049,44.15904,2016-10-01,-0.3572168,2016,10,501.53822165331263
1851,146324,-70.11011,44.15904,2016-10-01,-0.404431,2016,10,501.53822165331263
1852,146325,-70.10974,44.15904,2016-10-01,-0.4024295,2016,10,501.53822165331263
1853,146326,-70.10936,44.15904,2016-10-01,-0.3874948,2016,10,501.53822165331263
1854,146327,-70.10899,44.15904,2016-10-01,-0.206745,2016,10,501.53822165331263
1855,146328,-70.10861,44.15904,2016-10-01,-0.01548017,2016,10,501.53822165331263
1856,146329,-70.10824,44.15904,2016-10-01,0.1879671,2016,10,501.53822165331263
1857,146330,-70.10786,44.15904,2016-10-01,0.4190681,2016,10,501.53822165331263
1858,146331,-70.10749,44.15904,2016-10-01,0.5534823,2016,10,501.53822165331263
1859,146332,-70.10711,44.15904,2016-10-01,0.7433398,2016,10,501.53822165331263
1860,146333,-70.10674,44.15904,2016-10-01,0.8303486,2016,10,501.53822165331263
1861,146334,-70.10636,44.15904,2016-10-01,0.9342776,2016,10,501.53822165331263
1862,146335,-70.10599,44.15904,2016-10-01,1.056394,2016,10,952.922621141294
1863,146336,-70.10561,44.15904,2016-10-01,1.224748,2016,10,952.922621141294
1864,146337,-70.10524,44.15904,2016-10-01,1.409888,2016,10,952.922621141294
1865,146338,-70.10486,44.15904,2016-10-01,1.539294,2016,10,952.922621141294
1866,146339,-70.10449,44.15904,2016-10-01,1.605137,2016,10,952.922621141294
1867,146340,-70.10411,44.15904,2016-10-01,1.67287,2016,10,952.922621141294
1868,146341,-70.10374,44.15904,2016-10-01,1.767438,2016,10,952.922621141294
1869,146342,-70.10336,44.15904,2016-10-01,1.897117,2016,10,952.922621141294
1870,146343,-70.10299,44.15904,2016-10-01,1.929426,2016,10,952.922621141294
1871,146344,-70.10261,44.15904,2016-10-01,1.938129,2016,10,952.922621141294
1872,146345,-70.10224,44.15904,2016-10-01,1.971583,2016,10,993.045678873559
1873,146346,-70.10186,44.15904,2016-10-01,2.04364,2016,10,993.045678873559
1874,146347,-70.10149,44.15904,2016-10-01,2.068154,2016,10,993.045678873559
1875,146348,-70.10111,44.15904,2016-10-01,2.027237,2016,10,993.045678873559
1876,146349,-70.10074,44.15904,2016-10-01,1.997747,2016,10,993.045678873559
1877,146350,-70.10036,44.15904,2016-10-01,2.025501,2016,10,993.045678873559
1878,146351,-70.09999,44.15904,2016-10-01,2.08856,2016,10,993.045678873559
1879,146352,-70.09961,44.15904,2016-10-01,2.124796,2016,10,993.045678873559
1880,146353,-70.09924,44.15904,2016-10-01,2.113749,2016,10,993.045678873559
1881,146354,-70.09886,44.15904,2016-10-01,2.048906,2016,10,993.045678873559
1882,146355,-70.09849,44.15904,2016-10-01,1.951042,2016,10,952.922621141294
1883,146356,-70.09811,44.15904,2016-10-01,1.946677,2016,10,952.922621141294
1884,146357,-70.09774,44.15904,2016-10-01,2.056069,2016,10,993.045678873559
1885,146358,-70.09736,44.15904,2016-10-01,2.226196,2016,10,993.045678873559
1886,146359,-70.09699,44.15904,2016-10-01,2.458539,2016,10,993.045678873559
1887,146360,-70.09661,44.15904,2016-10-01,2.704997,2016,10,993.045678873559
1888,146361,-70.09624,44.15904,2016-10-01,2.971856,2016,10,993.045678873559
1889,146362,-70.09586,44.15904,2016-10-01,3.176353,2016,10,993.045678873559
1890,146363,-70.09549,44.15904,2016-10-01,3.314815,2016,10,993.045678873559
1891,146364,-70.09511,44.15904,2016-10-01,3.422139,2016,10,993.045678873559
1892,146365,-70.09474,44.15904,2016-10-01,3.624935,2016,10,993.045678873559
1893,146366,-70.09436,44.15904,2016-10-01,3.812698,2016,10,993.045678873559
1894,146367,-70.09399,44.15904,2016-10-01,3.931815,2016,10,993.045678873559
1895,146368,-70.09361,44.15904,2016-10-01,3.978546,2016,10,993.045678873559
1896,146369,-70.09324,44.15904,2016-10-01,3.996176,2016,10,993.045678873559
1897,146370,-70.09286,44.15904,2016-10-01,4.054854,2016,10,993.045678873559
1898,146371,-70.09249,44.15904,2016-10-01,4.094169,2016,10,993.045678873559
1899,146372,-70.09211,44.15904,2016-10-01,4.000988,2016,10,993.045678873559
1900,146373,-70.09174,44.15904,2016-10-01,3.995224,2016,10,993.045678873559
1901,146374,-70.09136,44.15904,2016-10-01,3.931848,2016,10,993.045678873559
1902,146375,-70.09099,44.15904,2016-10-01,3.906687,2016,10,993.045678873559
1903,146376,-70.09061,44.15904,2016-10-01,3.825211,2016,10,993.045678873559
1904,146377,-70.09024,44.15904,2016-10-01,3.770873,2016,10,993.045678873559
1905,146378,-70.08986,44.15904,2016-10-01,3.772264,2016,10,993.045678873559
1906,146379,-70.08949,44.15904,2016-10-01,3.803393,2016,10,993.045678873559
1907,146380,-70.08911,44.15904,2016-10-01,3.743324,2016,10,993.045678873559
1908,146381,-70.08874,44.15904,2016-10-01,3.612652,2016,10,993.045678873559
1909,146382,-70.08836,44.15904,2016-10-01,3.27518,2016,10,993.045678873559
1910,146383,-70.08799,44.15904,2016-10-01,2.886665,2016,10,993.045678873559
1911,146384,-70.08761,44.15904,2016-10-01,2.63404,2016,10,993.045678873559
1912,146385,-70.08724,44.15904,2016-10-01,2.700905,2016,10,993.045678873559
1913,146386,-70.08686,44.15904,2016-10-01,3.10132,2016,10,993.045678873559
1914,146387,-70.08649,44.15904,2016-10-01,3.524699,2016,10,993.045678873559
1915,146388,-70.08611,44.15904,2016-10-01,3.698446,2016,10,993.045678873559
1916,146389,-70.08574,44.15904,2016-10-01,3.40881,2016,10,993.045678873559
1917,146390,-70.08536,44.15904,2016-10-01,2.890403,2016,10,993.045678873559
1918,146391,-70.08499,44.15904,2016-10-01,2.345111,2016,10,993.045678873559
1919,146392,-70.08461,44.15904,2016-10-01,1.758563,2016,10,952.922621141294
1920,146393,-70.08424,44.15904,2016-10-01,1.200275,2016,10,952.922621141294
1921,146394,-70.08386,44.15904,2016-10-01,0.178945,2016,10,501.53822165331263
1922,146395,-70.08349,44.15904,2016-10-01,-1.009969,2016,10,50.15382216533126
1923,146396,-70.08311,44.15904,2016-10-01,-1.029843,2016,10,50.15382216533126
1924,146397,-70.11049,44.15877,2016-10-01,-0.3482607,2016,10,501.53822165331263
1925,146398,-70.11011,44.15877,2016-10-01,-0.3496503,2016,10,501.53822165331263
1926,146399,-70.10974,44.15877,2016-10-01,-0.4320071,2016,10,501.53822165331263
1927,146400,-70.10936,44.15877,2016-10-01,-0.3721339,2016,10,501.53822165331263
1928,146401,-70.10899,44.15877,2016-10-01,-0.1403809,2016,10,501.53822165331263
1929,146402,-70.10861,44.15877,2016-10-01,0.09360762,2016,10,501.53822165331263
1930,146403,-70.10824,44.15877,2016-10-01,0.279792,2016,10,501.53822165331263
1931,146404,-70.10786,44.15877,2016-10-01,0.4777978,2016,10,501.53822165331263
1932,146405,-70.10749,44.15877,2016-10-01,0.6006775,2016,10,501.53822165331263
1933,146406,-70.10711,44.15877,2016-10-01,0.7911562,2016,10,501.53822165331263
1934,146407,-70.10674,44.15877,2016-10-01,0.9099029,2016,10,501.53822165331263
1935,146408,-70.10636,44.15877,2016-10-01,1.05781,2016,10,952.922621141294
1936,146409,-70.10599,44.15877,2016-10-01,1.162459,2016,10,952.922621141294
1937,146410,-70.10561,44.15877,2016-10-01,1.29348,2016,10,952.922621141294
1938,146411,-70.10524,44.15877,2016-10-01,1.471995,2016,10,952.922621141294
1939,146412,-70.10486,44.15877,2016-10-01,1.671505,2016,10,952.922621141294
1940,146413,-70.10449,44.15877,2016-10-01,1.727873,2016,10,952.922621141294
1941,146414,-70.10411,44.15877,2016-10-01,1.779341,2016,10,952.922621141294
1942,146415,-70.10374,44.15877,2016-10-01,1.833433,2016,10,952.922621141294
1943,146416,-70.10336,44.15877,2016-10-01,1.92354,2016,10,952.922621141294
1944,146417,-70.10299,44.15877,2016-10-01,1.986917,2016,10,993.045678873559
1945,146418,-70.10261,44.15877,2016-10-01,2.001043,2016,10,993.045678873559
1946,146419,-70.10224,44.15877,2016-10-01,1.990162,2016,10,993.045678873559
1947,146420,-70.10186,44.15877,2016-10-01,2.007202,2016,10,993.045678873559
1948,146421,-70.10149,44.15877,2016-10-01,1.96726,2016,10,993.045678873559
1949,146422,-70.10111,44.15877,2016-10-01,1.916047,2016,10,952.922621141294
1950,146423,-70.10074,44.15877,2016-10-01,1.902292,2016,10,952.922621141294
1951,146424,-70.10036,44.15877,2016-10-01,2.021806,2016,10,993.045678873559
1952,146425,-70.09999,44.15877,2016-10-01,2.152075,2016,10,993.045678873559
1953,146426,-70.09961,44.15877,2016-10-01,2.240448,2016,10,993.045678873559
1954,146427,-70.09924,44.15877,2016-10-01,2.199166,2016,10,993.045678873559
1955,146428,-70.09886,44.15877,2016-10-01,2.124812,2016,10,993.045678873559
1956,146429,-70.09849,44.15877,2016-10-01,2.0117,2016,10,993.045678873559
1957,146430,-70.09811,44.15877,2016-10-01,1.97075,2016,10,993.045678873559
1958,146431,-70.09774,44.15877,2016-10-01,2.03662,2016,10,993.045678873559
1959,146432,-70.09736,44.15877,2016-10-01,2.186387,2016,10,993.045678873559
1960,146433,-70.09699,44.15877,2016-10-01,2.398975,2016,10,993.045678873559
1961,146434,-70.09661,44.15877,2016-10-01,2.68868,2016,10,993.045678873559
1962,146435,-70.09624,44.15877,2016-10-01,2.983182,2016,10,993.045678873559
1963,146436,-70.09586,44.15877,2016-10-01,3.195944,2016,10,993.045678873559
1964,146437,-70.09549,44.15877,2016-10-01,3.325085,2016,10,993.045678873559
1965,146438,-70.09511,44.15877,2016-10-01,3.413722,2016,10,993.045678873559
1966,146439,-70.09474,44.15877,2016-10-01,3.613255,2016,10,993.045678873559
1967,146440,-70.09436,44.15877,2016-10-01,3.785826,2016,10,993.045678873559
1968,146441,-70.09399,44.15877,2016-10-01,3.922714,2016,10,993.045678873559
1969,146442,-70.09361,44.15877,2016-10-01,3.941242,2016,10,993.045678873559
1970,146443,-70.09324,44.15877,2016-10-01,3.951587,2016,10,993.045678873559
1971,146444,-70.09286,44.15877,2016-10-01,3.985377,2016,10,993.045678873559
1972,146445,-70.09249,44.15877,2016-10-01,4.025454,2016,10,993.045678873559
1973,146446,-70.09211,44.15877,2016-10-01,3.997299,2016,10,993.045678873559
1974,146447,-70.09174,44.15877,2016-10-01,4.072224,2016,10,993.045678873559
1975,146448,-70.09136,44.15877,2016-10-01,3.996886,2016,10,993.045678873559
1976,146449,-70.09099,44.15877,2016-10-01,3.976263,2016,10,993.045678873559
1977,146450,-70.09061,44.15877,2016-10-01,3.86379,2016,10,993.045678873559
1978,146451,-70.09024,44.15877,2016-10-01,3.772502,2016,10,993.045678873559
1979,146452,-70.08986,44.15877,2016-10-01,3.810719,2016,10,993.045678873559
1980,146453,-70.08949,44.15877,2016-10-01,3.873129,2016,10,993.045678873559
1981,146454,-70.08911,44.15877,2016-10-01,3.865204,2016,10,993.045678873559
1982,146455,-70.08874,44.15877,2016-10-01,3.662285,2016,10,993.045678873559
1983,146456,-70.08836,44.15877,2016-10-01,3.324039,2016,10,993.045678873559
1984,146457,-70.08799,44.15877,2016-10-01,3.001819,2016,10,993.045678873559
1985,146458,-70.08761,44.15877,2016-10-01,2.794231,2016,10,993.045678873559
1986,146459,-70.08724,44.15877,2016-10-01,2.797306,2016,10,993.045678873559
1987,146460,-70.08686,44.15877,2016-10-01,3.038223,2016,10,993.045678873559
1988,146461,-70.08649,44.15877,2016-10-01,3.264626,2016,10,993.045678873559
1989,146462,-70.08611,44.15877,2016-10-01,3.392487,2016,10,993.045678873559
1990,146463,-70.08574,44.15877,2016-10-01,3.228267,2016,10,993.045678873559
1991,146464,-70.08536,44.15877,2016-10-01,2.984932,2016,10,993.045678873559
1992,146465,-70.08499,44.15877,2016-10-01,2.692095,2016,10,993.045678873559
1993,146466,-70.08461,44.15877,2016-10-01,2.182469,2016,10,993.045678873559
1994,146467,-70.08424,44.15877,2016-10-01,1.507332,2016,10,952.922621141294
1995,146468,-70.08386,44.15877,2016-10-01,0.1779258,2016,10,501.53822165331263
1996,146469,-70.08349,44.15877,2016-10-01,-1.276564,2016,10,50.15382216533126
1997,146470,-70.08311,44.15877,2016-10-01,-1.342606,2016,10,50.15382216533126
1998,146471,-70.11049,44.1585,2016-10-01,-0.3988706,2016,10,501.53822165331263
1999,146472,-70.11011,44.1585,2016-10-01,-0.4608331,2016,10,501.53822165331263
2000,146473,-70.10974,44.1585,2016-10-01,-0.4536077,2016,10,501.53822165331263
2001,146474,-70.10936,44.1585,2016-10-01,-0.3222275,2016,10,501.53822165331263
2002,146475,-70.10899,44.1585,2016-10-01,-0.141296,2016,10,501.53822165331263
2003,146476,-70.10861,44.1585,2016-10-01,0.1177613,2016,10,501.53822165331263
2004,146477,-70.10824,44.1585,2016-10-01,0.3346588,2016,10,501.53822165331263
2005,146478,-70.10786,44.1585,2016-10-01,0.5493335,2016,10,501.53822165331263
2006,146479,-70.10749,44.1585,2016-10-01,0.6817968,2016,10,501.53822165331263
2007,146480,-70.10711,44.1585,2016-10-01,0.8771799,2016,10,501.53822165331263
2008,146481,-70.10674,44.1585,2016-10-01,1.04481,2016,10,952.922621141294
2009,146482,-70.10636,44.1585,2016-10-01,1.160152,2016,10,952.922621141294
2010,146483,-70.10599,44.1585,2016-10-01,1.216997,2016,10,952.922621141294
2011,146484,-70.10561,44.1585,2016-10-01,1.330469,2016,10,952.922621141294
2012,146485,-70.10524,44.1585,2016-10-01,1.449733,2016,10,952.922621141294
2013,146486,-70.10486,44.1585,2016-10-01,1.68042,2016,10,952.922621141294
2014,146487,-70.10449,44.1585,2016-10-01,1.772402,2016,10,952.922621141294
2015,146488,-70.10411,44.1585,2016-10-01,1.825243,2016,10,952.922621141294
2016,146489,-70.10374,44.1585,2016-10-01,1.876727,2016,10,952.922621141294
2017,146490,-70.10336,44.1585,2016-10-01,1.972264,2016,10,993.045678873559
2018,146491,-70.10299,44.1585,2016-10-01,2.033076,2016,10,993.045678873559
2019,146492,-70.10261,44.1585,2016-10-01,2.00824,2016,10,993.045678873559
2020,146493,-70.10224,44.1585,2016-10-01,1.978633,2016,10,993.045678873559
2021,146494,-70.10186,44.1585,2016-10-01,1.987358,2016,10,993.045678873559
2022,146495,-70.10149,44.1585,2016-10-01,1.929389,2016,10,952.922621141294
2023,146496,-70.10111,44.1585,2016-10-01,1.851311,2016,10,952.922621141294
2024,146497,-70.10074,44.1585,2016-10-01,1.859633,2016,10,952.922621141294
2025,146498,-70.10036,44.1585,2016-10-01,1.979284,2016,10,993.045678873559
2026,146499,-70.09999,44.1585,2016-10-01,2.127482,2016,10,993.045678873559
2027,146500,-70.09961,44.1585,2016-10-01,2.271635,2016,10,993.045678873559
2028,146501,-70.09924,44.1585,2016-10-01,2.276113,2016,10,993.045678873559
2029,146502,-70.09886,44.1585,2016-10-01,2.240751,2016,10,993.045678873559
2030,146503,-70.09849,44.1585,2016-10-01,2.140097,2016,10,993.045678873559
2031,146504,-70.09811,44.1585,2016-10-01,2.077731,2016,10,993.045678873559
2032,146505,-70.09774,44.1585,2016-10-01,2.06828,2016,10,993.045678873559
2033,146506,-70.09736,44.1585,2016-10-01,2.162928,2016,10,993.045678873559
2034,146507,-70.09699,44.1585,2016-10-01,2.315208,2016,10,993.045678873559
2035,146508,-70.09661,44.1585,2016-10-01,2.600419,2016,10,993.045678873559
2036,146509,-70.09624,44.1585,2016-10-01,2.878105,2016,10,993.045678873559
2037,146510,-70.09586,44.1585,2016-10-01,3.118572,2016,10,993.045678873559
2038,146511,-70.09549,44.1585,2016-10-01,3.244475,2016,10,993.045678873559
2039,146512,-70.09511,44.1585,2016-10-01,3.343111,2016,10,993.045678873559
2040,146513,-70.09474,44.1585,2016-10-01,3.513234,2016,10,993.045678873559
2041,146514,-70.09436,44.1585,2016-10-01,3.669387,2016,10,993.045678873559
2042,146515,-70.09399,44.1585,2016-10-01,3.836723,2016,10,993.045678873559
2043,146516,-70.09361,44.1585,2016-10-01,3.824355,2016,10,993.045678873559
2044,146517,-70.09324,44.1585,2016-10-01,3.795981,2016,10,993.045678873559
2045,146518,-70.09286,44.1585,2016-10-01,3.835598,2016,10,993.045678873559
2046,146519,-70.09249,44.1585,2016-10-01,3.875365,2016,10,993.045678873559
2047,146520,-70.09211,44.1585,2016-10-01,3.936978,2016,10,993.045678873559
2048,146521,-70.09174,44.1585,2016-10-01,4.039465,2016,10,993.045678873559
2049,146522,-70.09136,44.1585,2016-10-01,3.976,2016,10,993.045678873559
2050,146523,-70.09099,44.1585,2016-10-01,3.999331,2016,10,993.045678873559
2051,146524,-70.09061,44.1585,2016-10-01,3.898088,2016,10,993.045678873559
2052,146525,-70.09024,44.1585,2016-10-01,3.785243,2016,10,993.045678873559
2053,146526,-70.08986,44.1585,2016-10-01,3.808507,2016,10,993.045678873559
2054,146527,-70.08949,44.1585,2016-10-01,3.865577,2016,10,993.045678873559
2055,146528,-70.08911,44.1585,2016-10-01,3.88131,2016,10,993.045678873559
2056,146529,-70.08874,44.1585,2016-10-01,3.703208,2016,10,993.045678873559
2057,146530,-70.08836,44.1585,2016-10-01,3.363028,2016,10,993.045678873559
2058,146531,-70.08799,44.1585,2016-10-01,3.009811,2016,10,993.045678873559
2059,146532,-70.08761,44.1585,2016-10-01,2.828044,2016,10,993.045678873559
2060,146533,-70.08724,44.1585,2016-10-01,2.861108,2016,10,993.045678873559
2061,146534,-70.08686,44.1585,2016-10-01,3.08423,2016,10,993.045678873559
2062,146535,-70.08649,44.1585,2016-10-01,3.169833,2016,10,993.045678873559
2063,146536,-70.08611,44.1585,2016-10-01,3.156762,2016,10,993.045678873559
2064,146537,-70.08574,44.1585,2016-10-01,2.980974,2016,10,993.045678873559
2065,146538,-70.08536,44.1585,2016-10-01,2.862009,2016,10,993.045678873559
2066,146539,-70.08499,44.1585,2016-10-01,2.715956,2016,10,993.045678873559
2067,146540,-70.08461,44.1585,2016-10-01,2.283307,2016,10,993.045678873559
2068,146541,-70.08424,44.1585,2016-10-01,1.456786,2016,10,952.922621141294
2069,146542,-70.08386,44.1585,2016-10-01,0.1988118,2016,10,501.53822165331263
2070,146543,-70.08349,44.1585,2016-10-01,-1.032804,2016,10,50.15382216533126
2071,146544,-70.08311,44.1585,2016-10-01,-1.274872,2016,10,50.15382216533126
2072,146545,-70.11049,44.15823,2016-10-01,-0.4529236,2016,10,501.53822165331263
2073,146546,-70.11011,44.15823,2016-10-01,-0.482839,2016,10,501.53822165331263
2074,146547,-70.10974,44.15823,2016-10-01,-0.432754,2016,10,501.53822165331263
2075,146548,-70.10936,44.15823,2016-10-01,-0.3168979,2016,10,501.53822165331263
2076,146549,-70.10899,44.15823,2016-10-01,-0.1731075,2016,10,501.53822165331263
2077,146550,-70.10861,44.15823,2016-10-01,0.06811729,2016,10,501.53822165331263
2078,146551,-70.10824,44.15823,2016-10-01,0.3015793,2016,10,501.53822165331263
2079,146552,-70.10786,44.15823,2016-10-01,0.5043867,2016,10,501.53822165331263
2080,146553,-70.10749,44.15823,2016-10-01,0.6345523,2016,10,501.53822165331263
2081,146554,-70.10711,44.15823,2016-10-01,0.8135419,2016,10,501.53822165331263
2082,146555,-70.10674,44.15823,2016-10-01,0.979311,2016,10,501.53822165331263
2083,146556,-70.10636,44.15823,2016-10-01,1.107623,2016,10,952.922621141294
2084,146557,-70.10599,44.15823,2016-10-01,1.226958,2016,10,952.922621141294
2085,146558,-70.10561,44.15823,2016-10-01,1.358474,2016,10,952.922621141294
2086,146559,-70.10524,44.15823,2016-10-01,1.522864,2016,10,952.922621141294
2087,146560,-70.10486,44.15823,2016-10-01,1.845808,2016,10,952.922621141294
2088,146561,-70.10449,44.15823,2016-10-01,1.996561,2016,10,993.045678873559
2089,146562,-70.10411,44.15823,2016-10-01,2.068233,2016,10,993.045678873559
2090,146563,-70.10374,44.15823,2016-10-01,2.04662,2016,10,993.045678873559
2091,146564,-70.10336,44.15823,2016-10-01,1.993802,2016,10,993.045678873559
2092,146565,-70.10299,44.15823,2016-10-01,1.970953,2016,10,993.045678873559
2093,146566,-70.10261,44.15823,2016-10-01,1.957464,2016,10,952.922621141294
2094,146567,-70.10224,44.15823,2016-10-01,1.964132,2016,10,993.045678873559
2095,146568,-70.10186,44.15823,2016-10-01,1.962459,2016,10,993.045678873559
2096,146569,-70.10149,44.15823,2016-10-01,1.924013,2016,10,952.922621141294
2097,146570,-70.10111,44.15823,2016-10-01,1.871109,2016,10,952.922621141294
2098,146571,-70.10074,44.15823,2016-10-01,1.853362,2016,10,952.922621141294
2099,146572,-70.10036,44.15823,2016-10-01,1.923962,2016,10,952.922621141294
2100,146573,-70.09999,44.15823,2016-10-01,2.037982,2016,10,993.045678873559
2101,146574,-70.09961,44.15823,2016-10-01,2.203382,2016,10,993.045678873559
2102,146575,-70.09924,44.15823,2016-10-01,2.268019,2016,10,993.045678873559
2103,146576,-70.09886,44.15823,2016-10-01,2.267804,2016,10,993.045678873559
2104,146577,-70.09849,44.15823,2016-10-01,2.181429,2016,10,993.045678873559
2105,146578,-70.09811,44.15823,2016-10-01,2.081448,2016,10,993.045678873559
2106,146579,-70.09774,44.15823,2016-10-01,2.072918,2016,10,993.045678873559
2107,146580,-70.09736,44.15823,2016-10-01,2.140213,2016,10,993.045678873559
2108,146581,-70.09699,44.15823,2016-10-01,2.223521,2016,10,993.045678873559
2109,146582,-70.09661,44.15823,2016-10-01,2.430536,2016,10,993.045678873559
2110,146583,-70.09624,44.15823,2016-10-01,2.662362,2016,10,993.045678873559
2111,146584,-70.09586,44.15823,2016-10-01,2.899152,2016,10,993.045678873559
2112,146585,-70.09549,44.15823,2016-10-01,3.028027,2016,10,993.045678873559
2113,146586,-70.09511,44.15823,2016-10-01,3.165813,2016,10,993.045678873559
2114,146587,-70.09474,44.15823,2016-10-01,3.324,2016,10,993.045678873559
2115,146588,-70.09436,44.15823,2016-10-01,3.480213,2016,10,993.045678873559
2116,146589,-70.09399,44.15823,2016-10-01,3.629643,2016,10,993.045678873559
2117,146590,-70.09361,44.15823,2016-10-01,3.655167,2016,10,993.045678873559
2118,146591,-70.09324,44.15823,2016-10-01,3.579607,2016,10,993.045678873559
2119,146592,-70.09286,44.15823,2016-10-01,3.629797,2016,10,993.045678873559
2120,146593,-70.09249,44.15823,2016-10-01,3.680055,2016,10,993.045678873559
2121,146594,-70.09211,44.15823,2016-10-01,3.784121,2016,10,993.045678873559
2122,146595,-70.09174,44.15823,2016-10-01,3.934287,2016,10,993.045678873559
2123,146596,-70.09136,44.15823,2016-10-01,3.974304,2016,10,993.045678873559
2124,146597,-70.09099,44.15823,2016-10-01,3.983855,2016,10,993.045678873559
2125,146598,-70.09061,44.15823,2016-10-01,3.964601,2016,10,993.045678873559
2126,146599,-70.09024,44.15823,2016-10-01,3.890811,2016,10,993.045678873559
2127,146600,-70.08986,44.15823,2016-10-01,3.882703,2016,10,993.045678873559
2128,146601,-70.08949,44.15823,2016-10-01,3.9059,2016,10,993.045678873559
2129,146602,-70.08911,44.15823,2016-10-01,3.900186,2016,10,993.045678873559
2130,146603,-70.08874,44.15823,2016-10-01,3.750012,2016,10,993.045678873559
2131,146604,-70.08836,44.15823,2016-10-01,3.406789,2016,10,993.045678873559
2132,146605,-70.08799,44.15823,2016-10-01,3.139015,2016,10,993.045678873559
2133,146606,-70.08761,44.15823,2016-10-01,2.997691,2016,10,993.045678873559
2134,146607,-70.08724,44.15823,2016-10-01,3.013743,2016,10,993.045678873559
2135,146608,-70.08686,44.15823,2016-10-01,3.114364,2016,10,993.045678873559
2136,146609,-70.08649,44.15823,2016-10-01,2.990083,2016,10,993.045678873559
2137,146610,-70.08611,44.15823,2016-10-01,2.817212,2016,10,993.045678873559
2138,146611,-70.08574,44.15823,2016-10-01,2.642155,2016,10,993.045678873559
2139,146612,-70.08536,44.15823,2016-10-01,2.590449,2016,10,993.045678873559
2140,146613,-70.08499,44.15823,2016-10-01,2.442242,2016,10,993.045678873559
2141,146614,-70.08461,44.15823,2016-10-01,1.915469,2016,10,952.922621141294
2142,146615,-70.08424,44.15823,2016-10-01,0.8689554,2016,10,501.53822165331263
2143,146616,-70.08386,44.15823,2016-10-01,-0.0565407,2016,10,501.53822165331263
2144,146617,-70.08349,44.15823,2016-10-01,-0.991954,2016,10,501.53822165331263
2145,146618,-70.11086,44.15796,2016-10-01,-0.5723524,2016,10,501.53822165331263
2146,146619,-70.11049,44.15796,2016-10-01,-0.6133905,2016,10,501.53822165331263
2147,146620,-70.11011,44.15796,2016-10-01,-0.5314789,2016,10,501.53822165331263
2148,146621,-70.10974,44.15796,2016-10-01,-0.4281444,2016,10,501.53822165331263
2149,146622,-70.10936,44.15796,2016-10-01,-0.2825017,2016,10,501.53822165331263
2150,146623,-70.10899,44.15796,2016-10-01,-0.111176,2016,10,501.53822165331263
2151,146624,-70.10861,44.15796,2016-10-01,0.09603422,2016,10,501.53822165331263
2152,146625,-70.10824,44.15796,2016-10-01,0.3481569,2016,10,501.53822165331263
2153,146626,-70.10786,44.15796,2016-10-01,0.4986295,2016,10,501.53822165331263
2154,146627,-70.10749,44.15796,2016-10-01,0.6500851,2016,10,501.53822165331263
2155,146628,-70.10711,44.15796,2016-10-01,0.8604761,2016,10,501.53822165331263
2156,146629,-70.10674,44.15796,2016-10-01,1.066457,2016,10,952.922621141294
2157,146630,-70.10636,44.15796,2016-10-01,1.220047,2016,10,952.922621141294
2158,146631,-70.10599,44.15796,2016-10-01,1.272755,2016,10,952.922621141294
2159,146632,-70.10561,44.15796,2016-10-01,1.42312,2016,10,952.922621141294
2160,146633,-70.10524,44.15796,2016-10-01,1.66279,2016,10,952.922621141294
2161,146634,-70.10486,44.15796,2016-10-01,2.066718,2016,10,993.045678873559
2162,146635,-70.10449,44.15796,2016-10-01,2.282688,2016,10,993.045678873559
2163,146636,-70.10411,44.15796,2016-10-01,2.283468,2016,10,993.045678873559
2164,146637,-70.10374,44.15796,2016-10-01,2.091051,2016,10,993.045678873559
2165,146638,-70.10336,44.15796,2016-10-01,1.934456,2016,10,952.922621141294
2166,146639,-70.10299,44.15796,2016-10-01,1.901252,2016,10,952.922621141294
2167,146640,-70.10261,44.15796,2016-10-01,1.942709,2016,10,952.922621141294
2168,146641,-70.10224,44.15796,2016-10-01,1.933376,2016,10,952.922621141294
2169,146642,-70.10186,44.15796,2016-10-01,1.975988,2016,10,993.045678873559
2170,146643,-70.10149,44.15796,2016-10-01,1.965131,2016,10,993.045678873559
2171,146644,-70.10111,44.15796,2016-10-01,1.929557,2016,10,952.922621141294
2172,146645,-70.10074,44.15796,2016-10-01,1.88275,2016,10,952.922621141294
2173,146646,-70.10036,44.15796,2016-10-01,1.947013,2016,10,952.922621141294
2174,146647,-70.09999,44.15796,2016-10-01,2.024878,2016,10,993.045678873559
2175,146648,-70.09961,44.15796,2016-10-01,2.14024,2016,10,993.045678873559
2176,146649,-70.09924,44.15796,2016-10-01,2.235429,2016,10,993.045678873559
2177,146650,-70.09886,44.15796,2016-10-01,2.278903,2016,10,993.045678873559
2178,146651,-70.09849,44.15796,2016-10-01,2.267475,2016,10,993.045678873559
2179,146652,-70.09811,44.15796,2016-10-01,2.175185,2016,10,993.045678873559
2180,146653,-70.09774,44.15796,2016-10-01,2.123982,2016,10,993.045678873559
2181,146654,-70.09736,44.15796,2016-10-01,2.145029,2016,10,993.045678873559
2182,146655,-70.09699,44.15796,2016-10-01,2.190209,2016,10,993.045678873559
2183,146656,-70.09661,44.15796,2016-10-01,2.320201,2016,10,993.045678873559
2184,146657,-70.09624,44.15796,2016-10-01,2.439105,2016,10,993.045678873559
2185,146658,-70.09586,44.15796,2016-10-01,2.584007,2016,10,993.045678873559
2186,146659,-70.09549,44.15796,2016-10-01,2.720982,2016,10,993.045678873559
2187,146660,-70.09511,44.15796,2016-10-01,2.902171,2016,10,993.045678873559
2188,146661,-70.09474,44.15796,2016-10-01,3.122127,2016,10,993.045678873559
2189,146662,-70.09436,44.15796,2016-10-01,3.298637,2016,10,993.045678873559
2190,146663,-70.09399,44.15796,2016-10-01,3.417414,2016,10,993.045678873559
2191,146664,-70.09361,44.15796,2016-10-01,3.445737,2016,10,993.045678873559
2192,146665,-70.09324,44.15796,2016-10-01,3.346009,2016,10,993.045678873559
2193,146666,-70.09286,44.15796,2016-10-01,3.328834,2016,10,993.045678873559
2194,146667,-70.09249,44.15796,2016-10-01,3.37244,2016,10,993.045678873559
2195,146668,-70.09211,44.15796,2016-10-01,3.479577,2016,10,993.045678873559
2196,146669,-70.09174,44.15796,2016-10-01,3.656769,2016,10,993.045678873559
2197,146670,-70.09136,44.15796,2016-10-01,3.743145,2016,10,993.045678873559
2198,146671,-70.09099,44.15796,2016-10-01,3.839465,2016,10,993.045678873559
2199,146672,-70.09061,44.15796,2016-10-01,3.960603,2016,10,993.045678873559
2200,146673,-70.09024,44.15796,2016-10-01,3.925031,2016,10,993.045678873559
2201,146674,-70.08986,44.15796,2016-10-01,3.918624,2016,10,993.045678873559
2202,146675,-70.08949,44.15796,2016-10-01,3.864918,2016,10,993.045678873559
2203,146676,-70.08911,44.15796,2016-10-01,3.79478,2016,10,993.045678873559
2204,146677,-70.08874,44.15796,2016-10-01,3.670774,2016,10,993.045678873559
2205,146678,-70.08836,44.15796,2016-10-01,3.383977,2016,10,993.045678873559
2206,146679,-70.08799,44.15796,2016-10-01,3.139755,2016,10,993.045678873559
2207,146680,-70.08761,44.15796,2016-10-01,3.059026,2016,10,993.045678873559
2208,146681,-70.08724,44.15796,2016-10-01,3.084836,2016,10,993.045678873559
2209,146682,-70.08686,44.15796,2016-10-01,3.12718,2016,10,993.045678873559
2210,146683,-70.08649,44.15796,2016-10-01,2.925271,2016,10,993.045678873559
2211,146684,-70.08611,44.15796,2016-10-01,2.638618,2016,10,993.045678873559
2212,146685,-70.08574,44.15796,2016-10-01,2.385624,2016,10,993.045678873559
2213,146686,-70.08536,44.15796,2016-10-01,2.36672,2016,10,993.045678873559
2214,146687,-70.08499,44.15796,2016-10-01,2.229687,2016,10,993.045678873559
2215,146688,-70.08461,44.15796,2016-10-01,1.681523,2016,10,952.922621141294
2216,146689,-70.08424,44.15796,2016-10-01,0.5193306,2016,10,501.53822165331263
2217,146690,-70.08386,44.15796,2016-10-01,0.2384459,2016,10,501.53822165331263
2218,146691,-70.11124,44.15769,2016-10-01,-0.5981053,2016,10,501.53822165331263
2219,146692,-70.11086,44.15769,2016-10-01,-0.6382278,2016,10,501.53822165331263
2220,146693,-70.11049,44.15769,2016-10-01,-0.7295471,2016,10,501.53822165331263
2221,146694,-70.11011,44.15769,2016-10-01,-0.5589686,2016,10,501.53822165331263
2222,146695,-70.10974,44.15769,2016-10-01,-0.3853212,2016,10,501.53822165331263
2223,146696,-70.10936,44.15769,2016-10-01,-0.2123739,2016,10,501.53822165331263
2224,146697,-70.10899,44.15769,2016-10-01,-0.07286476,2016,10,501.53822165331263
2225,146698,-70.10861,44.15769,2016-10-01,0.04673456,2016,10,501.53822165331263
2226,146699,-70.10824,44.15769,2016-10-01,0.3124817,2016,10,501.53822165331263
2227,146700,-70.10786,44.15769,2016-10-01,0.5007184,2016,10,501.53822165331263
2228,146701,-70.10749,44.15769,2016-10-01,0.7199872,2016,10,501.53822165331263
2229,146702,-70.10711,44.15769,2016-10-01,0.9424283,2016,10,501.53822165331263
2230,146703,-70.10674,44.15769,2016-10-01,1.030975,2016,10,952.922621141294
2231,146704,-70.10636,44.15769,2016-10-01,1.256124,2016,10,952.922621141294
2232,146705,-70.10599,44.15769,2016-10-01,1.356986,2016,10,952.922621141294
2233,146706,-70.10561,44.15769,2016-10-01,1.587016,2016,10,952.922621141294
2234,146707,-70.10524,44.15769,2016-10-01,1.814684,2016,10,952.922621141294
2235,146708,-70.10486,44.15769,2016-10-01,2.15049,2016,10,993.045678873559
2236,146709,-70.10449,44.15769,2016-10-01,2.311017,2016,10,993.045678873559
2237,146710,-70.10411,44.15769,2016-10-01,2.325735,2016,10,993.045678873559
2238,146711,-70.10374,44.15769,2016-10-01,2.123071,2016,10,993.045678873559
2239,146712,-70.10336,44.15769,2016-10-01,1.937521,2016,10,952.922621141294
2240,146713,-70.10299,44.15769,2016-10-01,1.871228,2016,10,952.922621141294
2241,146714,-70.10261,44.15769,2016-10-01,1.93246,2016,10,952.922621141294
2242,146715,-70.10224,44.15769,2016-10-01,1.916895,2016,10,952.922621141294
2243,146716,-70.10186,44.15769,2016-10-01,1.999677,2016,10,993.045678873559
2244,146717,-70.10149,44.15769,2016-10-01,1.989453,2016,10,993.045678873559
2245,146718,-70.10111,44.15769,2016-10-01,2.033675,2016,10,993.045678873559
2246,146719,-70.10074,44.15769,2016-10-01,2.020029,2016,10,993.045678873559
2247,146720,-70.10036,44.15769,2016-10-01,1.992086,2016,10,993.045678873559
2248,146721,-70.09999,44.15769,2016-10-01,2.010602,2016,10,993.045678873559
2249,146722,-70.09961,44.15769,2016-10-01,2.060901,2016,10,993.045678873559
2250,146723,-70.09924,44.15769,2016-10-01,2.148443,2016,10,993.045678873559
2251,146724,-70.09886,44.15769,2016-10-01,2.198242,2016,10,993.045678873559
2252,146725,-70.09849,44.15769,2016-10-01,2.219589,2016,10,993.045678873559
2253,146726,-70.09811,44.15769,2016-10-01,2.208476,2016,10,993.045678873559
2254,146727,-70.09774,44.15769,2016-10-01,2.154262,2016,10,993.045678873559
2255,146728,-70.09736,44.15769,2016-10-01,2.147562,2016,10,993.045678873559
2256,146729,-70.09699,44.15769,2016-10-01,2.144337,2016,10,993.045678873559
2257,146730,-70.09661,44.15769,2016-10-01,2.195855,2016,10,993.045678873559
2258,146731,-70.09624,44.15769,2016-10-01,2.161815,2016,10,993.045678873559
2259,146732,-70.09586,44.15769,2016-10-01,2.242031,2016,10,993.045678873559
2260,146733,-70.09549,44.15769,2016-10-01,2.35586,2016,10,993.045678873559
2261,146734,-70.09511,44.15769,2016-10-01,2.581929,2016,10,993.045678873559
2262,146735,-70.09474,44.15769,2016-10-01,2.89198,2016,10,993.045678873559
2263,146736,-70.09436,44.15769,2016-10-01,3.089906,2016,10,993.045678873559
2264,146737,-70.09399,44.15769,2016-10-01,3.215852,2016,10,993.045678873559
2265,146738,-70.09361,44.15769,2016-10-01,3.237648,2016,10,993.045678873559
2266,146739,-70.09324,44.15769,2016-10-01,3.117059,2016,10,993.045678873559
2267,146740,-70.09286,44.15769,2016-10-01,3.045948,2016,10,993.045678873559
2268,146741,-70.09249,44.15769,2016-10-01,3.031261,2016,10,993.045678873559
2269,146742,-70.09211,44.15769,2016-10-01,3.10144,2016,10,993.045678873559
2270,146743,-70.09174,44.15769,2016-10-01,3.269229,2016,10,993.045678873559
2271,146744,-70.09136,44.15769,2016-10-01,3.417651,2016,10,993.045678873559
2272,146745,-70.09099,44.15769,2016-10-01,3.623513,2016,10,993.045678873559
2273,146746,-70.09061,44.15769,2016-10-01,3.808494,2016,10,993.045678873559
2274,146747,-70.09024,44.15769,2016-10-01,3.885497,2016,10,993.045678873559
2275,146748,-70.08986,44.15769,2016-10-01,3.910991,2016,10,993.045678873559
2276,146749,-70.08949,44.15769,2016-10-01,3.864904,2016,10,993.045678873559
2277,146750,-70.08911,44.15769,2016-10-01,3.792105,2016,10,993.045678873559
2278,146751,-70.08874,44.15769,2016-10-01,3.654396,2016,10,993.045678873559
2279,146752,-70.08836,44.15769,2016-10-01,3.502471,2016,10,993.045678873559
2280,146753,-70.08799,44.15769,2016-10-01,3.28401,2016,10,993.045678873559
2281,146754,-70.08761,44.15769,2016-10-01,3.224477,2016,10,993.045678873559
2282,146755,-70.08724,44.15769,2016-10-01,3.238238,2016,10,993.045678873559
2283,146756,-70.08686,44.15769,2016-10-01,3.186385,2016,10,993.045678873559
2284,146757,-70.08649,44.15769,2016-10-01,2.906919,2016,10,993.045678873559
2285,146758,-70.08611,44.15769,2016-10-01,2.571425,2016,10,993.045678873559
2286,146759,-70.08574,44.15769,2016-10-01,2.23625,2016,10,993.045678873559
2287,146760,-70.08536,44.15769,2016-10-01,2.262956,2016,10,993.045678873559
2288,146761,-70.08499,44.15769,2016-10-01,2.208534,2016,10,993.045678873559
2289,146762,-70.08461,44.15769,2016-10-01,1.680606,2016,10,952.922621141294
2290,146763,-70.08424,44.15769,2016-10-01,0.5814448,2016,10,501.53822165331263
2291,146764,-70.08386,44.15769,2016-10-01,0.2594453,2016,10,501.53822165331263
2292,146765,-70.11161,44.15742,2016-10-01,-0.6573843,2016,10,501.53822165331263
2293,146766,-70.11124,44.15742,2016-10-01,-0.6810306,2016,10,501.53822165331263
2294,146767,-70.11086,44.15742,2016-10-01,-0.7106593,2016,10,501.53822165331263
2295,146768,-70.11049,44.15742,2016-10-01,-0.7529496,2016,10,501.53822165331263
2296,146769,-70.11011,44.15742,2016-10-01,-0.5818916,2016,10,501.53822165331263
2297,146770,-70.10974,44.15742,2016-10-01,-0.4094859,2016,10,501.53822165331263
2298,146771,-70.10936,44.15742,2016-10-01,-0.220954,2016,10,501.53822165331263
2299,146772,-70.10899,44.15742,2016-10-01,-0.02071077,2016,10,501.53822165331263
2300,146773,-70.10861,44.15742,2016-10-01,0.091153,2016,10,501.53822165331263
2301,146774,-70.10824,44.15742,2016-10-01,0.386768,2016,10,501.53822165331263
2302,146775,-70.10786,44.15742,2016-10-01,0.5793436,2016,10,501.53822165331263
2303,146776,-70.10749,44.15742,2016-10-01,0.7561595,2016,10,501.53822165331263
2304,146777,-70.10711,44.15742,2016-10-01,1.006263,2016,10,952.922621141294
2305,146778,-70.10674,44.15742,2016-10-01,1.099914,2016,10,952.922621141294
2306,146779,-70.10636,44.15742,2016-10-01,1.302773,2016,10,952.922621141294
2307,146780,-70.10599,44.15742,2016-10-01,1.420907,2016,10,952.922621141294
2308,146781,-70.10561,44.15742,2016-10-01,1.65366,2016,10,952.922621141294
2309,146782,-70.10524,44.15742,2016-10-01,1.849185,2016,10,952.922621141294
2310,146783,-70.10486,44.15742,2016-10-01,2.150058,2016,10,993.045678873559
2311,146784,-70.10449,44.15742,2016-10-01,2.234015,2016,10,993.045678873559
2312,146785,-70.10411,44.15742,2016-10-01,2.229666,2016,10,993.045678873559
2313,146786,-70.10374,44.15742,2016-10-01,2.03198,2016,10,993.045678873559
2314,146787,-70.10336,44.15742,2016-10-01,1.904708,2016,10,952.922621141294
2315,146788,-70.10299,44.15742,2016-10-01,1.906309,2016,10,952.922621141294
2316,146789,-70.10261,44.15742,2016-10-01,1.986549,2016,10,993.045678873559
2317,146790,-70.10224,44.15742,2016-10-01,1.957953,2016,10,952.922621141294
2318,146791,-70.10186,44.15742,2016-10-01,2.035967,2016,10,993.045678873559
2319,146792,-70.10149,44.15742,2016-10-01,2.077637,2016,10,993.045678873559
2320,146793,-70.10111,44.15742,2016-10-01,2.119179,2016,10,993.045678873559
2321,146794,-70.10074,44.15742,2016-10-01,2.086744,2016,10,993.045678873559
2322,146795,-70.10036,44.15742,2016-10-01,2.033218,2016,10,993.045678873559
2323,146796,-70.09999,44.15742,2016-10-01,2.059198,2016,10,993.045678873559
2324,146797,-70.09961,44.15742,2016-10-01,2.05944,2016,10,993.045678873559
2325,146798,-70.09924,44.15742,2016-10-01,2.112319,2016,10,993.045678873559
2326,146799,-70.09886,44.15742,2016-10-01,2.202891,2016,10,993.045678873559
2327,146800,-70.09849,44.15742,2016-10-01,2.216332,2016,10,993.045678873559
2328,146801,-70.09811,44.15742,2016-10-01,2.233836,2016,10,993.045678873559
2329,146802,-70.09774,44.15742,2016-10-01,2.179011,2016,10,993.045678873559
2330,146803,-70.09736,44.15742,2016-10-01,2.12809,2016,10,993.045678873559
2331,146804,-70.09699,44.15742,2016-10-01,2.075578,2016,10,993.045678873559
2332,146805,-70.09661,44.15742,2016-10-01,2.08264,2016,10,993.045678873559
2333,146806,-70.09624,44.15742,2016-10-01,1.926242,2016,10,952.922621141294
2334,146807,-70.09586,44.15742,2016-10-01,1.970246,2016,10,993.045678873559
2335,146808,-70.09549,44.15742,2016-10-01,1.971777,2016,10,993.045678873559
2336,146809,-70.09511,44.15742,2016-10-01,2.207316,2016,10,993.045678873559
2337,146810,-70.09474,44.15742,2016-10-01,2.562149,2016,10,993.045678873559
2338,146811,-70.09436,44.15742,2016-10-01,2.826212,2016,10,993.045678873559
2339,146812,-70.09399,44.15742,2016-10-01,3.010087,2016,10,993.045678873559
2340,146813,-70.09361,44.15742,2016-10-01,3.087412,2016,10,993.045678873559
2341,146814,-70.09324,44.15742,2016-10-01,2.929194,2016,10,993.045678873559
2342,146815,-70.09286,44.15742,2016-10-01,2.830078,2016,10,993.045678873559
2343,146816,-70.09249,44.15742,2016-10-01,2.690103,2016,10,993.045678873559
2344,146817,-70.09211,44.15742,2016-10-01,2.729937,2016,10,993.045678873559
2345,146818,-70.09174,44.15742,2016-10-01,2.869077,2016,10,993.045678873559
2346,146819,-70.09136,44.15742,2016-10-01,3.07905,2016,10,993.045678873559
2347,146820,-70.09099,44.15742,2016-10-01,3.289765,2016,10,993.045678873559
2348,146821,-70.09061,44.15742,2016-10-01,3.504152,2016,10,993.045678873559
2349,146822,-70.09024,44.15742,2016-10-01,3.720346,2016,10,993.045678873559
2350,146823,-70.08986,44.15742,2016-10-01,3.832405,2016,10,993.045678873559
2351,146824,-70.08949,44.15742,2016-10-01,3.895635,2016,10,993.045678873559
2352,146825,-70.08911,44.15742,2016-10-01,3.841243,2016,10,993.045678873559
2353,146826,-70.08874,44.15742,2016-10-01,3.669496,2016,10,993.045678873559
2354,146827,-70.08836,44.15742,2016-10-01,3.531895,2016,10,993.045678873559
2355,146828,-70.08799,44.15742,2016-10-01,3.360661,2016,10,993.045678873559
2356,146829,-70.08761,44.15742,2016-10-01,3.258542,2016,10,993.045678873559
2357,146830,-70.08724,44.15742,2016-10-01,3.225692,2016,10,993.045678873559
2358,146831,-70.08686,44.15742,2016-10-01,3.047042,2016,10,993.045678873559
2359,146832,-70.08649,44.15742,2016-10-01,2.739483,2016,10,993.045678873559
2360,146833,-70.08611,44.15742,2016-10-01,2.450878,2016,10,993.045678873559
2361,146834,-70.08574,44.15742,2016-10-01,2.2772,2016,10,993.045678873559
2362,146835,-70.08536,44.15742,2016-10-01,2.395034,2016,10,993.045678873559
2363,146836,-70.08499,44.15742,2016-10-01,2.47127,2016,10,993.045678873559
2364,146837,-70.08461,44.15742,2016-10-01,2.161872,2016,10,993.045678873559
2365,146838,-70.08424,44.15742,2016-10-01,1.210003,2016,10,952.922621141294
2366,146839,-70.11161,44.15715,2016-10-01,-0.58057,2016,10,501.53822165331263
2367,146840,-70.11124,44.15715,2016-10-01,-0.7759429,2016,10,501.53822165331263
2368,146841,-70.11086,44.15715,2016-10-01,-0.7481556,2016,10,501.53822165331263
2369,146842,-70.11049,44.15715,2016-10-01,-0.6532422,2016,10,501.53822165331263
2370,146843,-70.11011,44.15715,2016-10-01,-0.4722178,2016,10,501.53822165331263
2371,146844,-70.10974,44.15715,2016-10-01,-0.2494949,2016,10,501.53822165331263
2372,146845,-70.10936,44.15715,2016-10-01,-0.09009473,2016,10,501.53822165331263
2373,146846,-70.10899,44.15715,2016-10-01,0.05740689,2016,10,501.53822165331263
2374,146847,-70.10861,44.15715,2016-10-01,0.1475955,2016,10,501.53822165331263
2375,146848,-70.10824,44.15715,2016-10-01,0.3951067,2016,10,501.53822165331263
2376,146849,-70.10786,44.15715,2016-10-01,0.6265956,2016,10,501.53822165331263
2377,146850,-70.10749,44.15715,2016-10-01,0.8734313,2016,10,501.53822165331263
2378,146851,-70.10711,44.15715,2016-10-01,1.065128,2016,10,952.922621141294
2379,146852,-70.10674,44.15715,2016-10-01,1.172811,2016,10,952.922621141294
2380,146853,-70.10636,44.15715,2016-10-01,1.32342,2016,10,952.922621141294
2381,146854,-70.10599,44.15715,2016-10-01,1.441017,2016,10,952.922621141294
2382,146855,-70.10561,44.15715,2016-10-01,1.593508,2016,10,952.922621141294
2383,146856,-70.10524,44.15715,2016-10-01,1.698721,2016,10,952.922621141294
2384,146857,-70.10486,44.15715,2016-10-01,1.842061,2016,10,952.922621141294
2385,146858,-70.10449,44.15715,2016-10-01,1.911878,2016,10,952.922621141294
2386,146859,-70.10411,44.15715,2016-10-01,1.926025,2016,10,952.922621141294
2387,146860,-70.10374,44.15715,2016-10-01,1.874508,2016,10,952.922621141294
2388,146861,-70.10336,44.15715,2016-10-01,1.893773,2016,10,952.922621141294
2389,146862,-70.10299,44.15715,2016-10-01,1.923128,2016,10,952.922621141294
2390,146863,-70.10261,44.15715,2016-10-01,2.004915,2016,10,993.045678873559
2391,146864,-70.10224,44.15715,2016-10-01,1.991074,2016,10,993.045678873559
2392,146865,-70.10186,44.15715,2016-10-01,2.012574,2016,10,993.045678873559
2393,146866,-70.10149,44.15715,2016-10-01,2.040757,2016,10,993.045678873559
2394,146867,-70.10111,44.15715,2016-10-01,2.087073,2016,10,993.045678873559
2395,146868,-70.10074,44.15715,2016-10-01,2.094875,2016,10,993.045678873559
2396,146869,-70.10036,44.15715,2016-10-01,2.014663,2016,10,993.045678873559
2397,146870,-70.09999,44.15715,2016-10-01,1.984851,2016,10,993.045678873559
2398,146871,-70.09961,44.15715,2016-10-01,2.001528,2016,10,993.045678873559
2399,146872,-70.09924,44.15715,2016-10-01,2.034649,2016,10,993.045678873559
2400,146873,-70.09886,44.15715,2016-10-01,2.165155,2016,10,993.045678873559
2401,146874,-70.09849,44.15715,2016-10-01,2.209292,2016,10,993.045678873559
2402,146875,-70.09811,44.15715,2016-10-01,2.235005,2016,10,993.045678873559
2403,146876,-70.09774,44.15715,2016-10-01,2.181784,2016,10,993.045678873559
2404,146877,-70.09736,44.15715,2016-10-01,2.084674,2016,10,993.045678873559
2405,146878,-70.09699,44.15715,2016-10-01,1.999184,2016,10,993.045678873559
2406,146879,-70.09661,44.15715,2016-10-01,1.976452,2016,10,993.045678873559
2407,146880,-70.09624,44.15715,2016-10-01,1.74725,2016,10,952.922621141294
2408,146881,-70.09586,44.15715,2016-10-01,1.716452,2016,10,952.922621141294
2409,146882,-70.09549,44.15715,2016-10-01,1.657294,2016,10,952.922621141294
2410,146883,-70.09511,44.15715,2016-10-01,1.865567,2016,10,952.922621141294
2411,146884,-70.09474,44.15715,2016-10-01,2.145645,2016,10,993.045678873559
2412,146885,-70.09436,44.15715,2016-10-01,2.476031,2016,10,993.045678873559
2413,146886,-70.09399,44.15715,2016-10-01,2.720675,2016,10,993.045678873559
2414,146887,-70.09361,44.15715,2016-10-01,2.879553,2016,10,993.045678873559
2415,146888,-70.09324,44.15715,2016-10-01,2.78183,2016,10,993.045678873559
2416,146889,-70.09286,44.15715,2016-10-01,2.709871,2016,10,993.045678873559
2417,146890,-70.09249,44.15715,2016-10-01,2.476625,2016,10,993.045678873559
2418,146891,-70.09211,44.15715,2016-10-01,2.475022,2016,10,993.045678873559
2419,146892,-70.09174,44.15715,2016-10-01,2.575024,2016,10,993.045678873559
2420,146893,-70.09136,44.15715,2016-10-01,2.796936,2016,10,993.045678873559
2421,146894,-70.09099,44.15715,2016-10-01,3.00303,2016,10,993.045678873559
2422,146895,-70.09061,44.15715,2016-10-01,3.210212,2016,10,993.045678873559
2423,146896,-70.09024,44.15715,2016-10-01,3.437043,2016,10,993.045678873559
2424,146897,-70.08986,44.15715,2016-10-01,3.576422,2016,10,993.045678873559
2425,146898,-70.08949,44.15715,2016-10-01,3.703307,2016,10,993.045678873559
2426,146899,-70.08911,44.15715,2016-10-01,3.696213,2016,10,993.045678873559
2427,146900,-70.08874,44.15715,2016-10-01,3.604891,2016,10,993.045678873559
2428,146901,-70.08836,44.15715,2016-10-01,3.441861,2016,10,993.045678873559
2429,146902,-70.08799,44.15715,2016-10-01,3.351848,2016,10,993.045678873559
2430,146903,-70.08761,44.15715,2016-10-01,3.18488,2016,10,993.045678873559
2431,146904,-70.08724,44.15715,2016-10-01,3.133315,2016,10,993.045678873559
2432,146905,-70.08686,44.15715,2016-10-01,2.896999,2016,10,993.045678873559
2433,146906,-70.08649,44.15715,2016-10-01,2.654222,2016,10,993.045678873559
2434,146907,-70.08611,44.15715,2016-10-01,2.385368,2016,10,993.045678873559
2435,146908,-70.08574,44.15715,2016-10-01,2.346542,2016,10,993.045678873559
2436,146909,-70.08536,44.15715,2016-10-01,2.550278,2016,10,993.045678873559
2437,146910,-70.08499,44.15715,2016-10-01,2.817125,2016,10,993.045678873559
2438,146911,-70.08461,44.15715,2016-10-01,2.601675,2016,10,993.045678873559
2439,146912,-70.08424,44.15715,2016-10-01,2.055072,2016,10,993.045678873559
2440,146913,-70.11199,44.15688,2016-10-01,-0.5828639,2016,10,501.53822165331263
2441,146914,-70.11161,44.15688,2016-10-01,-0.6301298,2016,10,501.53822165331263
2442,146915,-70.11124,44.15688,2016-10-01,-0.6528673,2016,10,501.53822165331263
2443,146916,-70.11086,44.15688,2016-10-01,-0.599449,2016,10,501.53822165331263
2444,146917,-70.11049,44.15688,2016-10-01,-0.5344378,2016,10,501.53822165331263
2445,146918,-70.11011,44.15688,2016-10-01,-0.4105816,2016,10,501.53822165331263
2446,146919,-70.10974,44.15688,2016-10-01,-0.1746908,2016,10,501.53822165331263
2447,146920,-70.10936,44.15688,2016-10-01,0.01610447,2016,10,501.53822165331263
2448,146921,-70.10899,44.15688,2016-10-01,0.1732011,2016,10,501.53822165331263
2449,146922,-70.10861,44.15688,2016-10-01,0.2992932,2016,10,501.53822165331263
2450,146923,-70.10824,44.15688,2016-10-01,0.4826876,2016,10,501.53822165331263
2451,146924,-70.10786,44.15688,2016-10-01,0.7123512,2016,10,501.53822165331263
2452,146925,-70.10749,44.15688,2016-10-01,0.9568183,2016,10,501.53822165331263
2453,146926,-70.10711,44.15688,2016-10-01,1.061836,2016,10,952.922621141294
2454,146927,-70.10674,44.15688,2016-10-01,1.177889,2016,10,952.922621141294
2455,146928,-70.10636,44.15688,2016-10-01,1.273268,2016,10,952.922621141294
2456,146929,-70.10599,44.15688,2016-10-01,1.369936,2016,10,952.922621141294
2457,146930,-70.10561,44.15688,2016-10-01,1.506732,2016,10,952.922621141294
2458,146931,-70.10524,44.15688,2016-10-01,1.560705,2016,10,952.922621141294
2459,146932,-70.10486,44.15688,2016-10-01,1.621359,2016,10,952.922621141294
2460,146933,-70.10449,44.15688,2016-10-01,1.696698,2016,10,952.922621141294
2461,146934,-70.10411,44.15688,2016-10-01,1.789445,2016,10,952.922621141294
2462,146935,-70.10374,44.15688,2016-10-01,1.861148,2016,10,952.922621141294
2463,146936,-70.10336,44.15688,2016-10-01,1.924916,2016,10,952.922621141294
2464,146937,-70.10299,44.15688,2016-10-01,1.979794,2016,10,993.045678873559
2465,146938,-70.10261,44.15688,2016-10-01,2.035159,2016,10,993.045678873559
2466,146939,-70.10224,44.15688,2016-10-01,2.01725,2016,10,993.045678873559
2467,146940,-70.10186,44.15688,2016-10-01,1.993631,2016,10,993.045678873559
2468,146941,-70.10149,44.15688,2016-10-01,2.006833,2016,10,993.045678873559
2469,146942,-70.10111,44.15688,2016-10-01,2.018908,2016,10,993.045678873559
2470,146943,-70.10074,44.15688,2016-10-01,2.051789,2016,10,993.045678873559
2471,146944,-70.10036,44.15688,2016-10-01,1.977853,2016,10,993.045678873559
2472,146945,-70.09999,44.15688,2016-10-01,1.919957,2016,10,952.922621141294
2473,146946,-70.09961,44.15688,2016-10-01,1.941871,2016,10,952.922621141294
2474,146947,-70.09924,44.15688,2016-10-01,1.993153,2016,10,993.045678873559
2475,146948,-70.09886,44.15688,2016-10-01,2.130347,2016,10,993.045678873559
2476,146949,-70.09849,44.15688,2016-10-01,2.176742,2016,10,993.045678873559
2477,146950,-70.09811,44.15688,2016-10-01,2.186152,2016,10,993.045678873559
2478,146951,-70.09774,44.15688,2016-10-01,2.094788,2016,10,993.045678873559
2479,146952,-70.09736,44.15688,2016-10-01,1.99815,2016,10,993.045678873559
2480,146953,-70.09699,44.15688,2016-10-01,1.86332,2016,10,952.922621141294
2481,146954,-70.09661,44.15688,2016-10-01,1.80519,2016,10,952.922621141294
2482,146955,-70.09624,44.15688,2016-10-01,1.605946,2016,10,952.922621141294
2483,146956,-70.09586,44.15688,2016-10-01,1.472848,2016,10,952.922621141294
2484,146957,-70.09549,44.15688,2016-10-01,1.36129,2016,10,952.922621141294
2485,146958,-70.09511,44.15688,2016-10-01,1.483169,2016,10,952.922621141294
2486,146959,-70.09474,44.15688,2016-10-01,1.673062,2016,10,952.922621141294
2487,146960,-70.09436,44.15688,2016-10-01,1.977955,2016,10,993.045678873559
2488,146961,-70.09399,44.15688,2016-10-01,2.281512,2016,10,993.045678873559
2489,146962,-70.09361,44.15688,2016-10-01,2.550002,2016,10,993.045678873559
2490,146963,-70.09324,44.15688,2016-10-01,2.565112,2016,10,993.045678873559
2491,146964,-70.09286,44.15688,2016-10-01,2.515479,2016,10,993.045678873559
2492,146965,-70.09249,44.15688,2016-10-01,2.331715,2016,10,993.045678873559
2493,146966,-70.09211,44.15688,2016-10-01,2.266404,2016,10,993.045678873559
2494,146967,-70.09174,44.15688,2016-10-01,2.322109,2016,10,993.045678873559
2495,146968,-70.09136,44.15688,2016-10-01,2.477836,2016,10,993.045678873559
2496,146969,-70.09099,44.15688,2016-10-01,2.690287,2016,10,993.045678873559
2497,146970,-70.09061,44.15688,2016-10-01,2.845935,2016,10,993.045678873559
2498,146971,-70.09024,44.15688,2016-10-01,3.084771,2016,10,993.045678873559
2499,146972,-70.08986,44.15688,2016-10-01,3.269869,2016,10,993.045678873559
2500,146973,-70.08949,44.15688,2016-10-01,3.427454,2016,10,993.045678873559
2501,146974,-70.08911,44.15688,2016-10-01,3.446723,2016,10,993.045678873559
2502,146975,-70.08874,44.15688,2016-10-01,3.461681,2016,10,993.045678873559
2503,146976,-70.08836,44.15688,2016-10-01,3.304973,2016,10,993.045678873559
2504,146977,-70.08799,44.15688,2016-10-01,3.275987,2016,10,993.045678873559
2505,146978,-70.08761,44.15688,2016-10-01,3.057217,2016,10,993.045678873559
2506,146979,-70.08724,44.15688,2016-10-01,2.917054,2016,10,993.045678873559
2507,146980,-70.08686,44.15688,2016-10-01,2.684482,2016,10,993.045678873559
2508,146981,-70.08649,44.15688,2016-10-01,2.580741,2016,10,993.045678873559
2509,146982,-70.08611,44.15688,2016-10-01,2.437247,2016,10,993.045678873559
2510,146983,-70.08574,44.15688,2016-10-01,2.614551,2016,10,993.045678873559
2511,146984,-70.08536,44.15688,2016-10-01,2.872022,2016,10,993.045678873559
2512,146985,-70.08499,44.15688,2016-10-01,3.16023,2016,10,993.045678873559
2513,146986,-70.08461,44.15688,2016-10-01,2.975164,2016,10,993.045678873559
2514,146987,-70.08424,44.15688,2016-10-01,2.528185,2016,10,993.045678873559
2515,146988,-70.11199,44.15661,2016-10-01,-0.5426048,2016,10,501.53822165331263
2516,146989,-70.11161,44.15661,2016-10-01,-0.523245,2016,10,501.53822165331263
2517,146990,-70.11124,44.15661,2016-10-01,-0.5918586,2016,10,501.53822165331263
2518,146991,-70.11086,44.15661,2016-10-01,-0.5129628,2016,10,501.53822165331263
2519,146992,-70.11049,44.15661,2016-10-01,-0.4102898,2016,10,501.53822165331263
2520,146993,-70.11011,44.15661,2016-10-01,-0.3052177,2016,10,501.53822165331263
2521,146994,-70.10974,44.15661,2016-10-01,-0.07277922,2016,10,501.53822165331263
2522,146995,-70.10936,44.15661,2016-10-01,0.1471866,2016,10,501.53822165331263
2523,146996,-70.10899,44.15661,2016-10-01,0.2861192,2016,10,501.53822165331263
2524,146997,-70.10861,44.15661,2016-10-01,0.4819364,2016,10,501.53822165331263
2525,146998,-70.10824,44.15661,2016-10-01,0.6762204,2016,10,501.53822165331263
2526,146999,-70.10786,44.15661,2016-10-01,0.8199787,2016,10,501.53822165331263
2527,147000,-70.10749,44.15661,2016-10-01,1.000641,2016,10,952.922621141294
2528,147001,-70.10711,44.15661,2016-10-01,1.055615,2016,10,952.922621141294
2529,147002,-70.10674,44.15661,2016-10-01,1.210217,2016,10,952.922621141294
2530,147003,-70.10636,44.15661,2016-10-01,1.32531,2016,10,952.922621141294
2531,147004,-70.10599,44.15661,2016-10-01,1.333867,2016,10,952.922621141294
2532,147005,-70.10561,44.15661,2016-10-01,1.455472,2016,10,952.922621141294
2533,147006,-70.10524,44.15661,2016-10-01,1.442588,2016,10,952.922621141294
2534,147007,-70.10486,44.15661,2016-10-01,1.496256,2016,10,952.922621141294
2535,147008,-70.10449,44.15661,2016-10-01,1.525264,2016,10,952.922621141294
2536,147009,-70.10411,44.15661,2016-10-01,1.609668,2016,10,952.922621141294
2537,147010,-70.10374,44.15661,2016-10-01,1.755209,2016,10,952.922621141294
2538,147011,-70.10336,44.15661,2016-10-01,1.891021,2016,10,952.922621141294
2539,147012,-70.10299,44.15661,2016-10-01,1.935145,2016,10,952.922621141294
2540,147013,-70.10261,44.15661,2016-10-01,1.970802,2016,10,993.045678873559
2541,147014,-70.10224,44.15661,2016-10-01,1.940312,2016,10,952.922621141294
2542,147015,-70.10186,44.15661,2016-10-01,1.841154,2016,10,952.922621141294
2543,147016,-70.10149,44.15661,2016-10-01,1.812919,2016,10,952.922621141294
2544,147017,-70.10111,44.15661,2016-10-01,1.815735,2016,10,952.922621141294
2545,147018,-70.10074,44.15661,2016-10-01,1.87215,2016,10,952.922621141294
2546,147019,-70.10036,44.15661,2016-10-01,1.881041,2016,10,952.922621141294
2547,147020,-70.09999,44.15661,2016-10-01,1.825511,2016,10,952.922621141294
2548,147021,-70.09961,44.15661,2016-10-01,1.892838,2016,10,952.922621141294
2549,147022,-70.09924,44.15661,2016-10-01,1.929371,2016,10,952.922621141294
2550,147023,-70.09886,44.15661,2016-10-01,2.041764,2016,10,993.045678873559
2551,147024,-70.09849,44.15661,2016-10-01,2.090204,2016,10,993.045678873559
2552,147025,-70.09811,44.15661,2016-10-01,2.12669,2016,10,993.045678873559
2553,147026,-70.09774,44.15661,2016-10-01,2.003761,2016,10,993.045678873559
2554,147027,-70.09736,44.15661,2016-10-01,1.894051,2016,10,952.922621141294
2555,147028,-70.09699,44.15661,2016-10-01,1.572957,2016,10,952.922621141294
2556,147029,-70.09661,44.15661,2016-10-01,1.216095,2016,10,952.922621141294
2557,147030,-70.09624,44.15661,2016-10-01,0.815843,2016,10,501.53822165331263
2558,147031,-70.09586,44.15661,2016-10-01,0.4945137,2016,10,501.53822165331263
2559,147032,-70.09549,44.15661,2016-10-01,0.4141648,2016,10,501.53822165331263
2560,147033,-70.09511,44.15661,2016-10-01,0.2715571,2016,10,501.53822165331263
2561,147034,-70.09474,44.15661,2016-10-01,0.3712894,2016,10,501.53822165331263
2562,147035,-70.09436,44.15661,2016-10-01,0.7342202,2016,10,501.53822165331263
2563,147036,-70.09399,44.15661,2016-10-01,1.36821,2016,10,952.922621141294
2564,147037,-70.09361,44.15661,2016-10-01,1.964486,2016,10,993.045678873559
2565,147038,-70.09324,44.15661,2016-10-01,2.154069,2016,10,993.045678873559
2566,147039,-70.09286,44.15661,2016-10-01,2.150242,2016,10,993.045678873559
2567,147040,-70.09249,44.15661,2016-10-01,2.128431,2016,10,993.045678873559
2568,147041,-70.09211,44.15661,2016-10-01,2.049175,2016,10,993.045678873559
2569,147042,-70.09174,44.15661,2016-10-01,2.126757,2016,10,993.045678873559
2570,147043,-70.09136,44.15661,2016-10-01,2.200359,2016,10,993.045678873559
2571,147044,-70.09099,44.15661,2016-10-01,2.407467,2016,10,993.045678873559
2572,147045,-70.09061,44.15661,2016-10-01,2.543426,2016,10,993.045678873559
2573,147046,-70.09024,44.15661,2016-10-01,2.714112,2016,10,993.045678873559
2574,147047,-70.08986,44.15661,2016-10-01,2.852257,2016,10,993.045678873559
2575,147048,-70.08949,44.15661,2016-10-01,3.050283,2016,10,993.045678873559
2576,147049,-70.08911,44.15661,2016-10-01,3.128334,2016,10,993.045678873559
2577,147050,-70.08874,44.15661,2016-10-01,3.221896,2016,10,993.045678873559
2578,147051,-70.08836,44.15661,2016-10-01,3.082824,2016,10,993.045678873559
2579,147052,-70.08799,44.15661,2016-10-01,2.978842,2016,10,993.045678873559
2580,147053,-70.08761,44.15661,2016-10-01,2.742549,2016,10,993.045678873559
2581,147054,-70.08724,44.15661,2016-10-01,2.610894,2016,10,993.045678873559
2582,147055,-70.08686,44.15661,2016-10-01,2.484668,2016,10,993.045678873559
2583,147056,-70.08649,44.15661,2016-10-01,2.526282,2016,10,993.045678873559
2584,147057,-70.08611,44.15661,2016-10-01,2.56959,2016,10,993.045678873559
2585,147058,-70.08574,44.15661,2016-10-01,2.858037,2016,10,993.045678873559
2586,147059,-70.08536,44.15661,2016-10-01,3.053455,2016,10,993.045678873559
2587,147060,-70.08499,44.15661,2016-10-01,3.183951,2016,10,993.045678873559
2588,147061,-70.08461,44.15661,2016-10-01,2.918374,2016,10,993.045678873559
2589,147062,-70.08424,44.15661,2016-10-01,2.356076,2016,10,993.045678873559
2590,147063,-70.11199,44.15634,2016-10-01,-0.504834,2016,10,501.53822165331263
2591,147064,-70.11161,44.15634,2016-10-01,-0.5433303,2016,10,501.53822165331263
2592,147065,-70.11124,44.15634,2016-10-01,-0.5883209,2016,10,501.53822165331263
2593,147066,-70.11086,44.15634,2016-10-01,-0.423168,2016,10,501.53822165331263
2594,147067,-70.11049,44.15634,2016-10-01,-0.380557,2016,10,501.53822165331263
2595,147068,-70.11011,44.15634,2016-10-01,-0.2430429,2016,10,501.53822165331263
2596,147069,-70.10974,44.15634,2016-10-01,-0.03321432,2016,10,501.53822165331263
2597,147070,-70.10936,44.15634,2016-10-01,0.2041785,2016,10,501.53822165331263
2598,147071,-70.10899,44.15634,2016-10-01,0.3653929,2016,10,501.53822165331263
2599,147072,-70.10861,44.15634,2016-10-01,0.5910037,2016,10,501.53822165331263
2600,147073,-70.10824,44.15634,2016-10-01,0.8130581,2016,10,501.53822165331263
2601,147074,-70.10786,44.15634,2016-10-01,0.9503476,2016,10,501.53822165331263
2602,147075,-70.10749,44.15634,2016-10-01,1.117755,2016,10,952.922621141294
2603,147076,-70.10711,44.15634,2016-10-01,1.180893,2016,10,952.922621141294
2604,147077,-70.10674,44.15634,2016-10-01,1.252627,2016,10,952.922621141294
2605,147078,-70.10636,44.15634,2016-10-01,1.350272,2016,10,952.922621141294
2606,147079,-70.10599,44.15634,2016-10-01,1.314247,2016,10,952.922621141294
2607,147080,-70.10561,44.15634,2016-10-01,1.409181,2016,10,952.922621141294
2608,147081,-70.10524,44.15634,2016-10-01,1.40332,2016,10,952.922621141294
2609,147082,-70.10486,44.15634,2016-10-01,1.449328,2016,10,952.922621141294
2610,147083,-70.10449,44.15634,2016-10-01,1.496556,2016,10,952.922621141294
2611,147084,-70.10411,44.15634,2016-10-01,1.565197,2016,10,952.922621141294
2612,147085,-70.10374,44.15634,2016-10-01,1.685839,2016,10,952.922621141294
2613,147086,-70.10336,44.15634,2016-10-01,1.855086,2016,10,952.922621141294
2614,147087,-70.10299,44.15634,2016-10-01,1.914424,2016,10,952.922621141294
2615,147088,-70.10261,44.15634,2016-10-01,1.979614,2016,10,993.045678873559
2616,147089,-70.10224,44.15634,2016-10-01,1.88328,2016,10,952.922621141294
2617,147090,-70.10186,44.15634,2016-10-01,1.783559,2016,10,952.922621141294
2618,147091,-70.10149,44.15634,2016-10-01,1.692796,2016,10,952.922621141294
2619,147092,-70.10111,44.15634,2016-10-01,1.730793,2016,10,952.922621141294
2620,147093,-70.10074,44.15634,2016-10-01,1.784693,2016,10,952.922621141294
2621,147094,-70.10036,44.15634,2016-10-01,1.849262,2016,10,952.922621141294
2622,147095,-70.09999,44.15634,2016-10-01,1.795314,2016,10,952.922621141294
2623,147096,-70.09961,44.15634,2016-10-01,1.871883,2016,10,952.922621141294
2624,147097,-70.09924,44.15634,2016-10-01,1.925962,2016,10,952.922621141294
2625,147098,-70.09886,44.15634,2016-10-01,2.005788,2016,10,993.045678873559
2626,147099,-70.09849,44.15634,2016-10-01,2.023304,2016,10,993.045678873559
2627,147100,-70.09811,44.15634,2016-10-01,2.068639,2016,10,993.045678873559
2628,147101,-70.09774,44.15634,2016-10-01,1.926151,2016,10,952.922621141294
2629,147102,-70.09736,44.15634,2016-10-01,1.72532,2016,10,952.922621141294
2630,147103,-70.09699,44.15634,2016-10-01,1.015008,2016,10,952.922621141294
2631,147104,-70.09661,44.15634,2016-10-01,0.1100616,2016,10,501.53822165331263
2632,147105,-70.09624,44.15634,2016-10-01,-0.6069451,2016,10,501.53822165331263
2633,147106,-70.09586,44.15634,2016-10-01,-0.9425977,2016,10,501.53822165331263
2634,147107,-70.09549,44.15634,2016-10-01,-0.7126869,2016,10,501.53822165331263
2635,147108,-70.09511,44.15634,2016-10-01,-0.9472471,2016,10,501.53822165331263
2636,147109,-70.09474,44.15634,2016-10-01,-1.010018,2016,10,50.15382216533126
2637,147110,-70.09436,44.15634,2016-10-01,-0.627736,2016,10,501.53822165331263
2638,147111,-70.09399,44.15634,2016-10-01,0.207884,2016,10,501.53822165331263
2639,147112,-70.09361,44.15634,2016-10-01,1.295606,2016,10,952.922621141294
2640,147113,-70.09324,44.15634,2016-10-01,1.732546,2016,10,952.922621141294
2641,147114,-70.09286,44.15634,2016-10-01,1.781293,2016,10,952.922621141294
2642,147115,-70.09249,44.15634,2016-10-01,1.82013,2016,10,952.922621141294
2643,147116,-70.09211,44.15634,2016-10-01,1.777937,2016,10,952.922621141294
2644,147117,-70.09174,44.15634,2016-10-01,1.855579,2016,10,952.922621141294
2645,147118,-70.09136,44.15634,2016-10-01,1.920199,2016,10,952.922621141294
2646,147119,-70.09099,44.15634,2016-10-01,2.096407,2016,10,993.045678873559
2647,147120,-70.09061,44.15634,2016-10-01,2.213967,2016,10,993.045678873559
2648,147121,-70.09024,44.15634,2016-10-01,2.287693,2016,10,993.045678873559
2649,147122,-70.08986,44.15634,2016-10-01,2.34066,2016,10,993.045678873559
2650,147123,-70.08949,44.15634,2016-10-01,2.441148,2016,10,993.045678873559
2651,147124,-70.08911,44.15634,2016-10-01,2.443506,2016,10,993.045678873559
2652,147125,-70.08874,44.15634,2016-10-01,2.461848,2016,10,993.045678873559
2653,147126,-70.08836,44.15634,2016-10-01,2.358781,2016,10,993.045678873559
2654,147127,-70.08799,44.15634,2016-10-01,2.313461,2016,10,993.045678873559
2655,147128,-70.08761,44.15634,2016-10-01,2.244466,2016,10,993.045678873559
2656,147129,-70.08724,44.15634,2016-10-01,2.206039,2016,10,993.045678873559
2657,147130,-70.08686,44.15634,2016-10-01,2.292764,2016,10,993.045678873559
2658,147131,-70.08649,44.15634,2016-10-01,2.490396,2016,10,993.045678873559
2659,147132,-70.08611,44.15634,2016-10-01,2.661802,2016,10,993.045678873559
2660,147133,-70.08574,44.15634,2016-10-01,2.853279,2016,10,993.045678873559
2661,147134,-70.08536,44.15634,2016-10-01,3.030026,2016,10,993.045678873559
2662,147135,-70.08499,44.15634,2016-10-01,2.926699,2016,10,993.045678873559
2663,147136,-70.08461,44.15634,2016-10-01,2.33631,2016,10,993.045678873559
2664,147137,-70.08424,44.15634,2016-10-01,1.67276,2016,10,952.922621141294
2665,147138,-70.11199,44.15607,2016-10-01,-0.7270421,2016,10,501.53822165331263
2666,147139,-70.11161,44.15607,2016-10-01,-0.8132542,2016,10,501.53822165331263
2667,147140,-70.11124,44.15607,2016-10-01,-0.6808902,2016,10,501.53822165331263
2668,147141,-70.11086,44.15607,2016-10-01,-0.4675263,2016,10,501.53822165331263
2669,147142,-70.11049,44.15607,2016-10-01,-0.3949828,2016,10,501.53822165331263
2670,147143,-70.11011,44.15607,2016-10-01,-0.2409113,2016,10,501.53822165331263
2671,147144,-70.10974,44.15607,2016-10-01,-0.05313135,2016,10,501.53822165331263
2672,147145,-70.10936,44.15607,2016-10-01,0.2471168,2016,10,501.53822165331263
2673,147146,-70.10899,44.15607,2016-10-01,0.5156543,2016,10,501.53822165331263
2674,147147,-70.10861,44.15607,2016-10-01,0.7330791,2016,10,501.53822165331263
2675,147148,-70.10824,44.15607,2016-10-01,0.9537558,2016,10,501.53822165331263
2676,147149,-70.10786,44.15607,2016-10-01,1.082853,2016,10,952.922621141294
2677,147150,-70.10749,44.15607,2016-10-01,1.156866,2016,10,952.922621141294
2678,147151,-70.10711,44.15607,2016-10-01,1.218329,2016,10,952.922621141294
2679,147152,-70.10674,44.15607,2016-10-01,1.294686,2016,10,952.922621141294
2680,147153,-70.10636,44.15607,2016-10-01,1.435946,2016,10,952.922621141294
2681,147154,-70.10599,44.15607,2016-10-01,1.415572,2016,10,952.922621141294
2682,147155,-70.10561,44.15607,2016-10-01,1.477277,2016,10,952.922621141294
2683,147156,-70.10524,44.15607,2016-10-01,1.520952,2016,10,952.922621141294
2684,147157,-70.10486,44.15607,2016-10-01,1.560074,2016,10,952.922621141294
2685,147158,-70.10449,44.15607,2016-10-01,1.564932,2016,10,952.922621141294
2686,147159,-70.10411,44.15607,2016-10-01,1.59076,2016,10,952.922621141294
2687,147160,-70.10374,44.15607,2016-10-01,1.701498,2016,10,952.922621141294
2688,147161,-70.10336,44.15607,2016-10-01,1.842633,2016,10,952.922621141294
2689,147162,-70.10299,44.15607,2016-10-01,1.886666,2016,10,952.922621141294
2690,147163,-70.10261,44.15607,2016-10-01,1.957017,2016,10,952.922621141294
2691,147164,-70.10224,44.15607,2016-10-01,1.835721,2016,10,952.922621141294
2692,147165,-70.10186,44.15607,2016-10-01,1.768843,2016,10,952.922621141294
2693,147166,-70.10149,44.15607,2016-10-01,1.645251,2016,10,952.922621141294
2694,147167,-70.10111,44.15607,2016-10-01,1.684527,2016,10,952.922621141294
2695,147168,-70.10074,44.15607,2016-10-01,1.721872,2016,10,952.922621141294
2696,147169,-70.10036,44.15607,2016-10-01,1.799925,2016,10,952.922621141294
2697,147170,-70.09999,44.15607,2016-10-01,1.78893,2016,10,952.922621141294
2698,147171,-70.09961,44.15607,2016-10-01,1.84885,2016,10,952.922621141294
2699,147172,-70.09924,44.15607,2016-10-01,1.941232,2016,10,952.922621141294
2700,147173,-70.09886,44.15607,2016-10-01,1.99931,2016,10,993.045678873559
2701,147174,-70.09849,44.15607,2016-10-01,2.033741,2016,10,993.045678873559
2702,147175,-70.09811,44.15607,2016-10-01,2.043496,2016,10,993.045678873559
2703,147176,-70.09774,44.15607,2016-10-01,1.900315,2016,10,952.922621141294
2704,147177,-70.09736,44.15607,2016-10-01,1.609313,2016,10,952.922621141294
2705,147178,-70.09699,44.15607,2016-10-01,0.5909942,2016,10,501.53822165331263
2706,147179,-70.09661,44.15607,2016-10-01,-0.5643514,2016,10,501.53822165331263
2707,147180,-70.09624,44.15607,2016-10-01,-1.565496,2016,10,50.15382216533126
2708,147181,-70.09586,44.15607,2016-10-01,-1.815667,2016,10,50.15382216533126
2709,147182,-70.09549,44.15607,2016-10-01,-1.004141,2016,10,50.15382216533126
2710,147183,-70.09511,44.15607,2016-10-01,-1.110048,2016,10,50.15382216533126
2711,147184,-70.09474,44.15607,2016-10-01,-1.381243,2016,10,50.15382216533126
2712,147185,-70.09436,44.15607,2016-10-01,-1.492151,2016,10,50.15382216533126
2713,147186,-70.09399,44.15607,2016-10-01,-0.6392437,2016,10,501.53822165331263
2714,147187,-70.09361,44.15607,2016-10-01,0.6949547,2016,10,501.53822165331263
2715,147188,-70.09324,44.15607,2016-10-01,1.24236,2016,10,952.922621141294
2716,147189,-70.09286,44.15607,2016-10-01,1.35378,2016,10,952.922621141294
2717,147190,-70.09249,44.15607,2016-10-01,1.458323,2016,10,952.922621141294
2718,147191,-70.09211,44.15607,2016-10-01,1.564091,2016,10,952.922621141294
2719,147192,-70.09174,44.15607,2016-10-01,1.674847,2016,10,952.922621141294
2720,147193,-70.09136,44.15607,2016-10-01,1.790086,2016,10,952.922621141294
2721,147194,-70.09099,44.15607,2016-10-01,1.83784,2016,10,952.922621141294
2722,147195,-70.09061,44.15607,2016-10-01,1.853179,2016,10,952.922621141294
2723,147196,-70.09024,44.15607,2016-10-01,1.756135,2016,10,952.922621141294
2724,147197,-70.08986,44.15607,2016-10-01,1.633281,2016,10,952.922621141294
2725,147198,-70.08949,44.15607,2016-10-01,1.495462,2016,10,952.922621141294
2726,147199,-70.08911,44.15607,2016-10-01,1.336756,2016,10,952.922621141294
2727,147200,-70.08874,44.15607,2016-10-01,1.26776,2016,10,952.922621141294
2728,147201,-70.08836,44.15607,2016-10-01,1.166594,2016,10,952.922621141294
2729,147202,-70.08799,44.15607,2016-10-01,1.140339,2016,10,952.922621141294
2730,147203,-70.08761,44.15607,2016-10-01,1.241114,2016,10,952.922621141294
2731,147204,-70.08724,44.15607,2016-10-01,1.310885,2016,10,952.922621141294
2732,147205,-70.08686,44.15607,2016-10-01,1.519099,2016,10,952.922621141294
2733,147206,-70.08649,44.15607,2016-10-01,1.69895,2016,10,952.922621141294
2734,147207,-70.08611,44.15607,2016-10-01,2.000547,2016,10,993.045678873559
2735,147208,-70.08574,44.15607,2016-10-01,2.135873,2016,10,993.045678873559
2736,147209,-70.08536,44.15607,2016-10-01,2.319352,2016,10,993.045678873559
2737,147210,-70.08499,44.15607,2016-10-01,2.088546,2016,10,993.045678873559
2738,147211,-70.08461,44.15607,2016-10-01,1.624817,2016,10,952.922621141294
2739,147212,-70.08424,44.15607,2016-10-01,1.485087,2016,10,952.922621141294
2740,147213,-70.11236,44.1558,2016-10-01,-1.18328,2016,10,50.15382216533126
2741,147214,-70.11199,44.1558,2016-10-01,-1.271309,2016,10,50.15382216533126
2742,147215,-70.11161,44.1558,2016-10-01,-0.9603294,2016,10,501.53822165331263
2743,147216,-70.11124,44.1558,2016-10-01,-0.726189,2016,10,501.53822165331263
2744,147217,-70.11086,44.1558,2016-10-01,-0.5002151,2016,10,501.53822165331263
2745,147218,-70.11049,44.1558,2016-10-01,-0.4103931,2016,10,501.53822165331263
2746,147219,-70.11011,44.1558,2016-10-01,-0.2350876,2016,10,501.53822165331263
2747,147220,-70.10974,44.1558,2016-10-01,-0.03076531,2016,10,501.53822165331263
2748,147221,-70.10936,44.1558,2016-10-01,0.243054,2016,10,501.53822165331263
2749,147222,-70.10899,44.1558,2016-10-01,0.5097153,2016,10,501.53822165331263
2750,147223,-70.10861,44.1558,2016-10-01,0.748146,2016,10,501.53822165331263
2751,147224,-70.10824,44.1558,2016-10-01,0.9319109,2016,10,501.53822165331263
2752,147225,-70.10786,44.1558,2016-10-01,1.032658,2016,10,952.922621141294
2753,147226,-70.10749,44.1558,2016-10-01,1.08111,2016,10,952.922621141294
2754,147227,-70.10711,44.1558,2016-10-01,1.257815,2016,10,952.922621141294
2755,147228,-70.10674,44.1558,2016-10-01,1.359101,2016,10,952.922621141294
2756,147229,-70.10636,44.1558,2016-10-01,1.522599,2016,10,952.922621141294
2757,147230,-70.10599,44.1558,2016-10-01,1.573514,2016,10,952.922621141294
2758,147231,-70.10561,44.1558,2016-10-01,1.58762,2016,10,952.922621141294
2759,147232,-70.10524,44.1558,2016-10-01,1.679661,2016,10,952.922621141294
2760,147233,-70.10486,44.1558,2016-10-01,1.715116,2016,10,952.922621141294
2761,147234,-70.10449,44.1558,2016-10-01,1.72275,2016,10,952.922621141294
2762,147235,-70.10411,44.1558,2016-10-01,1.685332,2016,10,952.922621141294
2763,147236,-70.10374,44.1558,2016-10-01,1.646286,2016,10,952.922621141294
2764,147237,-70.10336,44.1558,2016-10-01,1.714419,2016,10,952.922621141294
2765,147238,-70.10299,44.1558,2016-10-01,1.752679,2016,10,952.922621141294
2766,147239,-70.10261,44.1558,2016-10-01,1.819175,2016,10,952.922621141294
2767,147240,-70.10224,44.1558,2016-10-01,1.808286,2016,10,952.922621141294
2768,147241,-70.10186,44.1558,2016-10-01,1.743931,2016,10,952.922621141294
2769,147242,-70.10149,44.1558,2016-10-01,1.605902,2016,10,952.922621141294
2770,147243,-70.10111,44.1558,2016-10-01,1.64399,2016,10,952.922621141294
2771,147244,-70.10074,44.1558,2016-10-01,1.69306,2016,10,952.922621141294
2772,147245,-70.10036,44.1558,2016-10-01,1.784685,2016,10,952.922621141294
2773,147246,-70.09999,44.1558,2016-10-01,1.795457,2016,10,952.922621141294
2774,147247,-70.09961,44.1558,2016-10-01,1.833544,2016,10,952.922621141294
2775,147248,-70.09924,44.1558,2016-10-01,1.959333,2016,10,952.922621141294
2776,147249,-70.09886,44.1558,2016-10-01,1.995719,2016,10,993.045678873559
2777,147250,-70.09849,44.1558,2016-10-01,2.055904,2016,10,993.045678873559
2778,147251,-70.09811,44.1558,2016-10-01,2.037537,2016,10,993.045678873559
2779,147252,-70.09774,44.1558,2016-10-01,1.902082,2016,10,952.922621141294
2780,147253,-70.09736,44.1558,2016-10-01,1.618594,2016,10,952.922621141294
2781,147254,-70.09699,44.1558,2016-10-01,0.6154076,2016,10,501.53822165331263
2782,147255,-70.09661,44.1558,2016-10-01,-0.5291781,2016,10,501.53822165331263
2783,147256,-70.09624,44.1558,2016-10-01,-1.990219,2016,10,10.030764433066253
2784,147257,-70.09586,44.1558,2016-10-01,-2.578943,2016,10,10.030764433066253
2785,147258,-70.09436,44.1558,2016-10-01,-1.993236,2016,10,10.030764433066253
2786,147259,-70.09399,44.1558,2016-10-01,-0.9979987,2016,10,501.53822165331263
2787,147260,-70.09361,44.1558,2016-10-01,0.3705938,2016,10,501.53822165331263
2788,147261,-70.09324,44.1558,2016-10-01,0.8207275,2016,10,501.53822165331263
2789,147262,-70.09286,44.1558,2016-10-01,0.9405497,2016,10,501.53822165331263
2790,147263,-70.09249,44.1558,2016-10-01,1.131912,2016,10,952.922621141294
2791,147264,-70.09211,44.1558,2016-10-01,1.306584,2016,10,952.922621141294
2792,147265,-70.09174,44.1558,2016-10-01,1.464808,2016,10,952.922621141294
2793,147266,-70.09136,44.1558,2016-10-01,1.583833,2016,10,952.922621141294
2794,147267,-70.09099,44.1558,2016-10-01,1.483858,2016,10,952.922621141294
2795,147268,-70.09061,44.1558,2016-10-01,1.363247,2016,10,952.922621141294
2796,147269,-70.09024,44.1558,2016-10-01,1.059483,2016,10,952.922621141294
2797,147270,-70.08986,44.1558,2016-10-01,0.7716232,2016,10,501.53822165331263
2798,147271,-70.08949,44.1558,2016-10-01,0.4142401,2016,10,501.53822165331263
2799,147272,-70.08911,44.1558,2016-10-01,0.01124197,2016,10,501.53822165331263
2800,147273,-70.08874,44.1558,2016-10-01,-0.2757311,2016,10,501.53822165331263
2801,147274,-70.08836,44.1558,2016-10-01,-0.4115118,2016,10,501.53822165331263
2802,147275,-70.08799,44.1558,2016-10-01,-0.3844269,2016,10,501.53822165331263
2803,147276,-70.08761,44.1558,2016-10-01,-0.1288795,2016,10,501.53822165331263
2804,147277,-70.08724,44.1558,2016-10-01,0.06255544,2016,10,501.53822165331263
2805,147278,-70.08686,44.1558,2016-10-01,0.4311189,2016,10,501.53822165331263
2806,147279,-70.08649,44.1558,2016-10-01,0.8749522,2016,10,501.53822165331263
2807,147280,-70.08611,44.1558,2016-10-01,1.388547,2016,10,952.922621141294
2808,147281,-70.08574,44.1558,2016-10-01,1.157349,2016,10,952.922621141294
2809,147282,-70.08536,44.1558,2016-10-01,0.7457178,2016,10,501.53822165331263
2810,147283,-70.08499,44.1558,2016-10-01,0.4975878,2016,10,501.53822165331263
2811,147284,-70.08461,44.1558,2016-10-01,1.508163,2016,10,952.922621141294
2812,147285,-70.11274,44.15553,2016-10-01,-1.354495,2016,10,50.15382216533126
2813,147286,-70.11236,44.15553,2016-10-01,-1.474273,2016,10,50.15382216533126
2814,147287,-70.11199,44.15553,2016-10-01,-1.445506,2016,10,50.15382216533126
2815,147288,-70.11161,44.15553,2016-10-01,-1.000011,2016,10,50.15382216533126
2816,147289,-70.11124,44.15553,2016-10-01,-0.7552219,2016,10,501.53822165331263
2817,147290,-70.11086,44.15553,2016-10-01,-0.5999443,2016,10,501.53822165331263
2818,147291,-70.11049,44.15553,2016-10-01,-0.5180804,2016,10,501.53822165331263
2819,147292,-70.11011,44.15553,2016-10-01,-0.2902221,2016,10,501.53822165331263
2820,147293,-70.10974,44.15553,2016-10-01,-0.08410441,2016,10,501.53822165331263
2821,147294,-70.10936,44.15553,2016-10-01,0.2220686,2016,10,501.53822165331263
2822,147295,-70.10899,44.15553,2016-10-01,0.5414874,2016,10,501.53822165331263
2823,147296,-70.10861,44.15553,2016-10-01,0.7904953,2016,10,501.53822165331263
2824,147297,-70.10824,44.15553,2016-10-01,0.908214,2016,10,501.53822165331263
2825,147298,-70.10786,44.15553,2016-10-01,1.020665,2016,10,952.922621141294
2826,147299,-70.10749,44.15553,2016-10-01,0.9967638,2016,10,501.53822165331263
2827,147300,-70.10711,44.15553,2016-10-01,1.195681,2016,10,952.922621141294
2828,147301,-70.10674,44.15553,2016-10-01,1.29527,2016,10,952.922621141294
2829,147302,-70.10636,44.15553,2016-10-01,1.524463,2016,10,952.922621141294
2830,147303,-70.10599,44.15553,2016-10-01,1.686596,2016,10,952.922621141294
2831,147304,-70.10561,44.15553,2016-10-01,1.744568,2016,10,952.922621141294
2832,147305,-70.10524,44.15553,2016-10-01,1.951211,2016,10,952.922621141294
2833,147306,-70.10486,44.15553,2016-10-01,1.921953,2016,10,952.922621141294
2834,147307,-70.10449,44.15553,2016-10-01,1.894565,2016,10,952.922621141294
2835,147308,-70.10411,44.15553,2016-10-01,1.814064,2016,10,952.922621141294
2836,147309,-70.10374,44.15553,2016-10-01,1.68614,2016,10,952.922621141294
2837,147310,-70.10336,44.15553,2016-10-01,1.66017,2016,10,952.922621141294
2838,147311,-70.10299,44.15553,2016-10-01,1.681417,2016,10,952.922621141294
2839,147312,-70.10261,44.15553,2016-10-01,1.714491,2016,10,952.922621141294
2840,147313,-70.10224,44.15553,2016-10-01,1.741201,2016,10,952.922621141294
2841,147314,-70.10186,44.15553,2016-10-01,1.680023,2016,10,952.922621141294
2842,147315,-70.10149,44.15553,2016-10-01,1.568049,2016,10,952.922621141294
2843,147316,-70.10111,44.15553,2016-10-01,1.596082,2016,10,952.922621141294
2844,147317,-70.10074,44.15553,2016-10-01,1.6215,2016,10,952.922621141294
2845,147318,-70.10036,44.15553,2016-10-01,1.71659,2016,10,952.922621141294
2846,147319,-70.09999,44.15553,2016-10-01,1.743794,2016,10,952.922621141294
2847,147320,-70.09961,44.15553,2016-10-01,1.779457,2016,10,952.922621141294
2848,147321,-70.09924,44.15553,2016-10-01,1.918858,2016,10,952.922621141294
2849,147322,-70.09886,44.15553,2016-10-01,2.028362,2016,10,993.045678873559
2850,147323,-70.09849,44.15553,2016-10-01,2.148546,2016,10,993.045678873559
2851,147324,-70.09811,44.15553,2016-10-01,2.103554,2016,10,993.045678873559
2852,147325,-70.09774,44.15553,2016-10-01,1.974892,2016,10,993.045678873559
2853,147326,-70.09736,44.15553,2016-10-01,1.713937,2016,10,952.922621141294
2854,147327,-70.09699,44.15553,2016-10-01,0.9374648,2016,10,501.53822165331263
2855,147328,-70.09661,44.15553,2016-10-01,0.3204038,2016,10,501.53822165331263
2856,147329,-70.09361,44.15553,2016-10-01,-0.1183235,2016,10,501.53822165331263
2857,147330,-70.09324,44.15553,2016-10-01,-0.1517236,2016,10,501.53822165331263
2858,147331,-70.09286,44.15553,2016-10-01,0.008422414,2016,10,501.53822165331263
2859,147332,-70.09249,44.15553,2016-10-01,0.525094,2016,10,501.53822165331263
2860,147333,-70.09211,44.15553,2016-10-01,0.8429786,2016,10,501.53822165331263
2861,147334,-70.09174,44.15553,2016-10-01,1.058761,2016,10,952.922621141294
2862,147335,-70.09136,44.15553,2016-10-01,1.154363,2016,10,952.922621141294
2863,147336,-70.09099,44.15553,2016-10-01,1.038469,2016,10,952.922621141294
2864,147337,-70.09061,44.15553,2016-10-01,0.8101909,2016,10,501.53822165331263
2865,147338,-70.09024,44.15553,2016-10-01,0.3958593,2016,10,501.53822165331263
2866,147339,-70.08986,44.15553,2016-10-01,0.003709011,2016,10,501.53822165331263
2867,147340,-70.08949,44.15553,2016-10-01,-0.4864102,2016,10,501.53822165331263
2868,147341,-70.08911,44.15553,2016-10-01,-0.935698,2016,10,501.53822165331263
2869,147342,-70.08874,44.15553,2016-10-01,-1.297179,2016,10,50.15382216533126
2870,147343,-70.08836,44.15553,2016-10-01,-1.443561,2016,10,50.15382216533126
2871,147344,-70.08799,44.15553,2016-10-01,-1.475055,2016,10,50.15382216533126
2872,147345,-70.08761,44.15553,2016-10-01,-1.259256,2016,10,50.15382216533126
2873,147346,-70.08724,44.15553,2016-10-01,-1.074036,2016,10,50.15382216533126
2874,147347,-70.08686,44.15553,2016-10-01,-0.6698407,2016,10,501.53822165331263
2875,147348,-70.08649,44.15553,2016-10-01,0.03894357,2016,10,501.53822165331263
2876,147349,-70.08611,44.15553,2016-10-01,0.5835531,2016,10,501.53822165331263
2877,147350,-70.08574,44.15553,2016-10-01,0.3314978,2016,10,501.53822165331263
2878,147351,-70.08536,44.15553,2016-10-01,0.0158899,2016,10,501.53822165331263
2879,147352,-70.08499,44.15553,2016-10-01,-0.2405474,2016,10,501.53822165331263
2880,147353,-70.11274,44.15526,2016-10-01,-1.278481,2016,10,50.15382216533126
2881,147354,-70.11236,44.15526,2016-10-01,-1.328662,2016,10,50.15382216533126
2882,147355,-70.11199,44.15526,2016-10-01,-1.185534,2016,10,50.15382216533126
2883,147356,-70.11161,44.15526,2016-10-01,-0.8715407,2016,10,501.53822165331263
2884,147357,-70.11124,44.15526,2016-10-01,-0.7425813,2016,10,501.53822165331263
2885,147358,-70.11086,44.15526,2016-10-01,-0.6157874,2016,10,501.53822165331263
2886,147359,-70.11049,44.15526,2016-10-01,-0.520828,2016,10,501.53822165331263
2887,147360,-70.11011,44.15526,2016-10-01,-0.3033918,2016,10,501.53822165331263
2888,147361,-70.10974,44.15526,2016-10-01,-0.1403156,2016,10,501.53822165331263
2889,147362,-70.10936,44.15526,2016-10-01,0.1389448,2016,10,501.53822165331263
2890,147363,-70.10899,44.15526,2016-10-01,0.5060328,2016,10,501.53822165331263
2891,147364,-70.10861,44.15526,2016-10-01,0.7910335,2016,10,501.53822165331263
2892,147365,-70.10824,44.15526,2016-10-01,0.9606731,2016,10,501.53822165331263
2893,147366,-70.10786,44.15526,2016-10-01,1.041339,2016,10,952.922621141294
2894,147367,-70.10749,44.15526,2016-10-01,0.9443908,2016,10,501.53822165331263
2895,147368,-70.10711,44.15526,2016-10-01,1.087863,2016,10,952.922621141294
2896,147369,-70.10674,44.15526,2016-10-01,1.224795,2016,10,952.922621141294
2897,147370,-70.10636,44.15526,2016-10-01,1.527275,2016,10,952.922621141294
2898,147371,-70.10599,44.15526,2016-10-01,1.745776,2016,10,952.922621141294
2899,147372,-70.10561,44.15526,2016-10-01,1.842548,2016,10,952.922621141294
2900,147373,-70.10524,44.15526,2016-10-01,2.013622,2016,10,993.045678873559
2901,147374,-70.10486,44.15526,2016-10-01,1.968042,2016,10,993.045678873559
2902,147375,-70.10449,44.15526,2016-10-01,1.956783,2016,10,952.922621141294
2903,147376,-70.10411,44.15526,2016-10-01,1.835881,2016,10,952.922621141294
2904,147377,-70.10374,44.15526,2016-10-01,1.678498,2016,10,952.922621141294
2905,147378,-70.10336,44.15526,2016-10-01,1.599237,2016,10,952.922621141294
2906,147379,-70.10299,44.15526,2016-10-01,1.520663,2016,10,952.922621141294
2907,147380,-70.10261,44.15526,2016-10-01,1.491237,2016,10,952.922621141294
2908,147381,-70.10224,44.15526,2016-10-01,1.54389,2016,10,952.922621141294
2909,147382,-70.10186,44.15526,2016-10-01,1.519244,2016,10,952.922621141294
2910,147383,-70.10149,44.15526,2016-10-01,1.420998,2016,10,952.922621141294
2911,147384,-70.10111,44.15526,2016-10-01,1.4166,2016,10,952.922621141294
2912,147385,-70.10074,44.15526,2016-10-01,1.486572,2016,10,952.922621141294
2913,147386,-70.10036,44.15526,2016-10-01,1.637946,2016,10,952.922621141294
2914,147387,-70.09999,44.15526,2016-10-01,1.691002,2016,10,952.922621141294
2915,147388,-70.09961,44.15526,2016-10-01,1.778201,2016,10,952.922621141294
2916,147389,-70.09924,44.15526,2016-10-01,1.845382,2016,10,952.922621141294
2917,147390,-70.09886,44.15526,2016-10-01,2.0037,2016,10,993.045678873559
2918,147391,-70.09849,44.15526,2016-10-01,2.130356,2016,10,993.045678873559
2919,147392,-70.09811,44.15526,2016-10-01,2.141951,2016,10,993.045678873559
2920,147393,-70.09774,44.15526,2016-10-01,2.010302,2016,10,993.045678873559
2921,147394,-70.09736,44.15526,2016-10-01,1.669468,2016,10,952.922621141294
2922,147395,-70.09699,44.15526,2016-10-01,1.123929,2016,10,952.922621141294
2923,147396,-70.09661,44.15526,2016-10-01,0.8069921,2016,10,501.53822165331263
2924,147397,-70.09361,44.15526,2016-10-01,-0.7674262,2016,10,501.53822165331263
2925,147398,-70.09324,44.15526,2016-10-01,-0.8020153,2016,10,501.53822165331263
2926,147399,-70.09286,44.15526,2016-10-01,-1.013642,2016,10,50.15382216533126
2927,147400,-70.09249,44.15526,2016-10-01,-0.6675552,2016,10,501.53822165331263
2928,147401,-70.09211,44.15526,2016-10-01,-0.449291,2016,10,501.53822165331263
2929,147402,-70.09174,44.15526,2016-10-01,-0.2406112,2016,10,501.53822165331263
2930,147403,-70.09136,44.15526,2016-10-01,-0.2386047,2016,10,501.53822165331263
2931,147404,-70.09099,44.15526,2016-10-01,-0.418726,2016,10,501.53822165331263
2932,147405,-70.09061,44.15526,2016-10-01,-0.5972906,2016,10,501.53822165331263
2933,147406,-70.09024,44.15526,2016-10-01,-0.8760618,2016,10,501.53822165331263
2934,147407,-70.08986,44.15526,2016-10-01,-1.095101,2016,10,50.15382216533126
2935,147408,-70.08949,44.15526,2016-10-01,-1.448159,2016,10,50.15382216533126
2936,147409,-70.08911,44.15526,2016-10-01,-1.767317,2016,10,50.15382216533126
2937,147410,-70.08874,44.15526,2016-10-01,-1.921741,2016,10,50.15382216533126
2938,147411,-70.08836,44.15526,2016-10-01,-1.617028,2016,10,50.15382216533126
2939,147412,-70.08799,44.15526,2016-10-01,-1.236008,2016,10,50.15382216533126
2940,147413,-70.08761,44.15526,2016-10-01,-1.23881,2016,10,50.15382216533126
2941,147414,-70.08724,44.15526,2016-10-01,-1.334207,2016,10,50.15382216533126
2942,147415,-70.08686,44.15526,2016-10-01,-1.240181,2016,10,50.15382216533126
2943,147416,-70.08649,44.15526,2016-10-01,-0.7948578,2016,10,501.53822165331263
2944,147417,-70.08611,44.15526,2016-10-01,-0.1816398,2016,10,501.53822165331263
2945,147418,-70.08574,44.15526,2016-10-01,0.176316,2016,10,501.53822165331263
2946,147419,-70.08536,44.15526,2016-10-01,-0.07567014,2016,10,501.53822165331263
2947,147420,-70.11349,44.15499,2016-10-01,-1.052776,2016,10,50.15382216533126
2948,147421,-70.11311,44.15499,2016-10-01,-1.284726,2016,10,50.15382216533126
2949,147422,-70.11274,44.15499,2016-10-01,-1.293282,2016,10,50.15382216533126
2950,147423,-70.11236,44.15499,2016-10-01,-1.198795,2016,10,50.15382216533126
2951,147424,-70.11199,44.15499,2016-10-01,-0.9894362,2016,10,501.53822165331263
2952,147425,-70.11161,44.15499,2016-10-01,-0.8058193,2016,10,501.53822165331263
2953,147426,-70.11124,44.15499,2016-10-01,-0.7049069,2016,10,501.53822165331263
2954,147427,-70.11086,44.15499,2016-10-01,-0.6589197,2016,10,501.53822165331263
2955,147428,-70.11049,44.15499,2016-10-01,-0.5693701,2016,10,501.53822165331263
2956,147429,-70.11011,44.15499,2016-10-01,-0.3540228,2016,10,501.53822165331263
2957,147430,-70.10974,44.15499,2016-10-01,-0.1258515,2016,10,501.53822165331263
2958,147431,-70.10936,44.15499,2016-10-01,0.1727259,2016,10,501.53822165331263
2959,147432,-70.10899,44.15499,2016-10-01,0.5130312,2016,10,501.53822165331263
2960,147433,-70.10861,44.15499,2016-10-01,0.8669149,2016,10,501.53822165331263
2961,147434,-70.10824,44.15499,2016-10-01,1.096844,2016,10,952.922621141294
2962,147435,-70.10786,44.15499,2016-10-01,1.118712,2016,10,952.922621141294
2963,147436,-70.10749,44.15499,2016-10-01,1.062751,2016,10,952.922621141294
2964,147437,-70.10711,44.15499,2016-10-01,1.088835,2016,10,952.922621141294
2965,147438,-70.10674,44.15499,2016-10-01,1.173008,2016,10,952.922621141294
2966,147439,-70.10636,44.15499,2016-10-01,1.436342,2016,10,952.922621141294
2967,147440,-70.10599,44.15499,2016-10-01,1.660861,2016,10,952.922621141294
2968,147441,-70.10561,44.15499,2016-10-01,1.823521,2016,10,952.922621141294
2969,147442,-70.10524,44.15499,2016-10-01,1.984394,2016,10,993.045678873559
2970,147443,-70.10486,44.15499,2016-10-01,1.984589,2016,10,993.045678873559
2971,147444,-70.10449,44.15499,2016-10-01,1.924681,2016,10,952.922621141294
2972,147445,-70.10411,44.15499,2016-10-01,1.787809,2016,10,952.922621141294
2973,147446,-70.10374,44.15499,2016-10-01,1.621693,2016,10,952.922621141294
2974,147447,-70.10336,44.15499,2016-10-01,1.549292,2016,10,952.922621141294
2975,147448,-70.10299,44.15499,2016-10-01,1.459262,2016,10,952.922621141294
2976,147449,-70.10261,44.15499,2016-10-01,1.464617,2016,10,952.922621141294
2977,147450,-70.10224,44.15499,2016-10-01,1.513415,2016,10,952.922621141294
2978,147451,-70.10186,44.15499,2016-10-01,1.490652,2016,10,952.922621141294
2979,147452,-70.10149,44.15499,2016-10-01,1.42271,2016,10,952.922621141294
2980,147453,-70.10111,44.15499,2016-10-01,1.416152,2016,10,952.922621141294
2981,147454,-70.10074,44.15499,2016-10-01,1.464618,2016,10,952.922621141294
2982,147455,-70.10036,44.15499,2016-10-01,1.629851,2016,10,952.922621141294
2983,147456,-70.09999,44.15499,2016-10-01,1.666948,2016,10,952.922621141294
2984,147457,-70.09961,44.15499,2016-10-01,1.794606,2016,10,952.922621141294
2985,147458,-70.09924,44.15499,2016-10-01,1.829888,2016,10,952.922621141294
2986,147459,-70.09886,44.15499,2016-10-01,2.011292,2016,10,993.045678873559
2987,147460,-70.09849,44.15499,2016-10-01,2.147455,2016,10,993.045678873559
2988,147461,-70.09811,44.15499,2016-10-01,2.205766,2016,10,993.045678873559
2989,147462,-70.09774,44.15499,2016-10-01,2.035315,2016,10,993.045678873559
2990,147463,-70.09736,44.15499,2016-10-01,1.627582,2016,10,952.922621141294
2991,147464,-70.09699,44.15499,2016-10-01,1.047881,2016,10,952.922621141294
2992,147465,-70.09661,44.15499,2016-10-01,0.7763533,2016,10,501.53822165331263
2993,147466,-70.09324,44.15499,2016-10-01,-0.7135132,2016,10,501.53822165331263
2994,147467,-70.09286,44.15499,2016-10-01,-1.32503,2016,10,50.15382216533126
2995,147468,-70.09249,44.15499,2016-10-01,-1.335502,2016,10,50.15382216533126
2996,147469,-70.09211,44.15499,2016-10-01,-1.374038,2016,10,50.15382216533126
2997,147470,-70.09174,44.15499,2016-10-01,-1.695885,2016,10,50.15382216533126
2998,147471,-70.09136,44.15499,2016-10-01,-1.935427,2016,10,50.15382216533126
2999,147472,-70.09099,44.15499,2016-10-01,-2.501031,2016,10,10.030764433066253
3000,147473,-70.09061,44.15499,2016-10-01,-2.297778,2016,10,10.030764433066253
3001,147474,-70.09024,44.15499,2016-10-01,-1.966778,2016,10,10.030764433066253
3002,147475,-70.08986,44.15499,2016-10-01,-1.610852,2016,10,50.15382216533126
3003,147476,-70.08949,44.15499,2016-10-01,-1.575163,2016,10,50.15382216533126
3004,147477,-70.08911,44.15499,2016-10-01,-2.065651,2016,10,10.030764433066253
3005,147478,-70.08874,44.15499,2016-10-01,-2.233917,2016,10,10.030764433066253
3006,147479,-70.08836,44.15499,2016-10-01,-2.032199,2016,10,10.030764433066253
3007,147480,-70.08799,44.15499,2016-10-01,-1.580536,2016,10,50.15382216533126
3008,147481,-70.08761,44.15499,2016-10-01,-1.886939,2016,10,50.15382216533126
3009,147482,-70.08724,44.15499,2016-10-01,-1.710955,2016,10,50.15382216533126
3010,147483,-70.08686,44.15499,2016-10-01,-1.672992,2016,10,50.15382216533126
3011,147484,-70.08649,44.15499,2016-10-01,-0.9209268,2016,10,501.53822165331263
3012,147485,-70.08611,44.15499,2016-10-01,-0.07702629,2016,10,501.53822165331263
3013,147486,-70.11386,44.15472,2016-10-01,-1.16321,2016,10,50.15382216533126
3014,147487,-70.11349,44.15472,2016-10-01,-1.267906,2016,10,50.15382216533126
3015,147488,-70.11311,44.15472,2016-10-01,-1.425142,2016,10,50.15382216533126
3016,147489,-70.11274,44.15472,2016-10-01,-1.23318,2016,10,50.15382216533126
3017,147490,-70.11236,44.15472,2016-10-01,-0.9864928,2016,10,501.53822165331263
3018,147491,-70.11199,44.15472,2016-10-01,-0.8199307,2016,10,501.53822165331263
3019,147492,-70.11161,44.15472,2016-10-01,-0.7608568,2016,10,501.53822165331263
3020,147493,-70.11124,44.15472,2016-10-01,-0.6850245,2016,10,501.53822165331263
3021,147494,-70.11086,44.15472,2016-10-01,-0.6446425,2016,10,501.53822165331263
3022,147495,-70.11049,44.15472,2016-10-01,-0.4643481,2016,10,501.53822165331263
3023,147496,-70.11011,44.15472,2016-10-01,-0.2436259,2016,10,501.53822165331263
3024,147497,-70.10974,44.15472,2016-10-01,-0.07602844,2016,10,501.53822165331263
3025,147498,-70.10936,44.15472,2016-10-01,0.1960335,2016,10,501.53822165331263
3026,147499,-70.10899,44.15472,2016-10-01,0.550645,2016,10,501.53822165331263
3027,147500,-70.10861,44.15472,2016-10-01,0.903125,2016,10,501.53822165331263
3028,147501,-70.10824,44.15472,2016-10-01,1.191895,2016,10,952.922621141294
3029,147502,-70.10786,44.15472,2016-10-01,1.239179,2016,10,952.922621141294
3030,147503,-70.10749,44.15472,2016-10-01,1.157436,2016,10,952.922621141294
3031,147504,-70.10711,44.15472,2016-10-01,1.09667,2016,10,952.922621141294
3032,147505,-70.10674,44.15472,2016-10-01,1.147311,2016,10,952.922621141294
3033,147506,-70.10636,44.15472,2016-10-01,1.436014,2016,10,952.922621141294
3034,147507,-70.10599,44.15472,2016-10-01,1.614344,2016,10,952.922621141294
3035,147508,-70.10561,44.15472,2016-10-01,1.725782,2016,10,952.922621141294
3036,147509,-70.10524,44.15472,2016-10-01,1.83599,2016,10,952.922621141294
3037,147510,-70.10486,44.15472,2016-10-01,1.79013,2016,10,952.922621141294
3038,147511,-70.10449,44.15472,2016-10-01,1.777245,2016,10,952.922621141294
3039,147512,-70.10411,44.15472,2016-10-01,1.701218,2016,10,952.922621141294
3040,147513,-70.10374,44.15472,2016-10-01,1.57231,2016,10,952.922621141294
3041,147514,-70.10336,44.15472,2016-10-01,1.565377,2016,10,952.922621141294
3042,147515,-70.10299,44.15472,2016-10-01,1.459093,2016,10,952.922621141294
3043,147516,-70.10261,44.15472,2016-10-01,1.450786,2016,10,952.922621141294
3044,147517,-70.10224,44.15472,2016-10-01,1.411137,2016,10,952.922621141294
3045,147518,-70.10186,44.15472,2016-10-01,1.483641,2016,10,952.922621141294
3046,147519,-70.10149,44.15472,2016-10-01,1.458223,2016,10,952.922621141294
3047,147520,-70.10111,44.15472,2016-10-01,1.485517,2016,10,952.922621141294
3048,147521,-70.10074,44.15472,2016-10-01,1.51147,2016,10,952.922621141294
3049,147522,-70.10036,44.15472,2016-10-01,1.719531,2016,10,952.922621141294
3050,147523,-70.09999,44.15472,2016-10-01,1.789393,2016,10,952.922621141294
3051,147524,-70.09961,44.15472,2016-10-01,1.930458,2016,10,952.922621141294
3052,147525,-70.09924,44.15472,2016-10-01,1.942992,2016,10,952.922621141294
3053,147526,-70.09886,44.15472,2016-10-01,2.070347,2016,10,993.045678873559
3054,147527,-70.09849,44.15472,2016-10-01,2.260071,2016,10,993.045678873559
3055,147528,-70.09811,44.15472,2016-10-01,2.3113,2016,10,993.045678873559
3056,147529,-70.09774,44.15472,2016-10-01,2.076043,2016,10,993.045678873559
3057,147530,-70.09736,44.15472,2016-10-01,1.647365,2016,10,952.922621141294
3058,147531,-70.09699,44.15472,2016-10-01,0.9973896,2016,10,501.53822165331263
3059,147532,-70.09661,44.15472,2016-10-01,0.6781145,2016,10,501.53822165331263
3060,147533,-70.09249,44.15472,2016-10-01,-1.356595,2016,10,50.15382216533126
3061,147534,-70.09211,44.15472,2016-10-01,-1.467771,2016,10,50.15382216533126
3062,147535,-70.09174,44.15472,2016-10-01,-2.215082,2016,10,10.030764433066253
3063,147536,-70.09136,44.15472,2016-10-01,-2.928297,2016,10,10.030764433066253
3064,147537,-70.09099,44.15472,2016-10-01,-3.719064,2016,10,10.030764433066253
3065,147538,-70.09061,44.15472,2016-10-01,-3.202768,2016,10,10.030764433066253
3066,147539,-70.09024,44.15472,2016-10-01,-2.571708,2016,10,10.030764433066253
3067,147540,-70.08986,44.15472,2016-10-01,-2.120359,2016,10,10.030764433066253
3068,147541,-70.08949,44.15472,2016-10-01,-1.458205,2016,10,50.15382216533126
3069,147542,-70.08911,44.15472,2016-10-01,-2.061504,2016,10,10.030764433066253
3070,147543,-70.08874,44.15472,2016-10-01,-2.152036,2016,10,10.030764433066253
3071,147544,-70.08836,44.15472,2016-10-01,-1.686889,2016,10,50.15382216533126
3072,147545,-70.08799,44.15472,2016-10-01,-1.001507,2016,10,50.15382216533126
3073,147546,-70.08761,44.15472,2016-10-01,-1.267722,2016,10,50.15382216533126
3074,147547,-70.08724,44.15472,2016-10-01,-0.9789954,2016,10,501.53822165331263
3075,147548,-70.08686,44.15472,2016-10-01,-1.790017,2016,10,50.15382216533126
3076,147549,-70.08649,44.15472,2016-10-01,-0.914961,2016,10,501.53822165331263
3077,147550,-70.11386,44.15445,2016-10-01,-1.299103,2016,10,50.15382216533126
3078,147551,-70.11349,44.15445,2016-10-01,-1.320399,2016,10,50.15382216533126
3079,147552,-70.11311,44.15445,2016-10-01,-1.394573,2016,10,50.15382216533126
3080,147553,-70.11274,44.15445,2016-10-01,-1.042736,2016,10,50.15382216533126
3081,147554,-70.11236,44.15445,2016-10-01,-0.8002415,2016,10,501.53822165331263
3082,147555,-70.11199,44.15445,2016-10-01,-0.6853567,2016,10,501.53822165331263
3083,147556,-70.11161,44.15445,2016-10-01,-0.698839,2016,10,501.53822165331263
3084,147557,-70.11124,44.15445,2016-10-01,-0.6475492,2016,10,501.53822165331263
3085,147558,-70.11086,44.15445,2016-10-01,-0.5911448,2016,10,501.53822165331263
3086,147559,-70.11049,44.15445,2016-10-01,-0.5029091,2016,10,501.53822165331263
3087,147560,-70.11011,44.15445,2016-10-01,-0.3573989,2016,10,501.53822165331263
3088,147561,-70.10974,44.15445,2016-10-01,-0.151176,2016,10,501.53822165331263
3089,147562,-70.10936,44.15445,2016-10-01,0.1239939,2016,10,501.53822165331263
3090,147563,-70.10899,44.15445,2016-10-01,0.5010883,2016,10,501.53822165331263
3091,147564,-70.10861,44.15445,2016-10-01,0.8574463,2016,10,501.53822165331263
3092,147565,-70.10824,44.15445,2016-10-01,1.183799,2016,10,952.922621141294
3093,147566,-70.10786,44.15445,2016-10-01,1.21192,2016,10,952.922621141294
3094,147567,-70.10749,44.15445,2016-10-01,1.143156,2016,10,952.922621141294
3095,147568,-70.10711,44.15445,2016-10-01,1.035202,2016,10,952.922621141294
3096,147569,-70.10674,44.15445,2016-10-01,1.039098,2016,10,952.922621141294
3097,147570,-70.10636,44.15445,2016-10-01,1.358707,2016,10,952.922621141294
3098,147571,-70.10599,44.15445,2016-10-01,1.523164,2016,10,952.922621141294
3099,147572,-70.10561,44.15445,2016-10-01,1.710864,2016,10,952.922621141294
3100,147573,-70.10524,44.15445,2016-10-01,1.796171,2016,10,952.922621141294
3101,147574,-70.10486,44.15445,2016-10-01,1.784493,2016,10,952.922621141294
3102,147575,-70.10449,44.15445,2016-10-01,1.773785,2016,10,952.922621141294
3103,147576,-70.10411,44.15445,2016-10-01,1.676263,2016,10,952.922621141294
3104,147577,-70.10374,44.15445,2016-10-01,1.616719,2016,10,952.922621141294
3105,147578,-70.10336,44.15445,2016-10-01,1.657932,2016,10,952.922621141294
3106,147579,-70.10299,44.15445,2016-10-01,1.517203,2016,10,952.922621141294
3107,147580,-70.10261,44.15445,2016-10-01,1.577212,2016,10,952.922621141294
3108,147581,-70.10224,44.15445,2016-10-01,1.499234,2016,10,952.922621141294
3109,147582,-70.10186,44.15445,2016-10-01,1.587166,2016,10,952.922621141294
3110,147583,-70.10149,44.15445,2016-10-01,1.57164,2016,10,952.922621141294
3111,147584,-70.10111,44.15445,2016-10-01,1.629998,2016,10,952.922621141294
3112,147585,-70.10074,44.15445,2016-10-01,1.662482,2016,10,952.922621141294
3113,147586,-70.10036,44.15445,2016-10-01,1.864813,2016,10,952.922621141294
3114,147587,-70.09999,44.15445,2016-10-01,1.906133,2016,10,952.922621141294
3115,147588,-70.09961,44.15445,2016-10-01,2.033745,2016,10,993.045678873559
3116,147589,-70.09924,44.15445,2016-10-01,2.064366,2016,10,993.045678873559
3117,147590,-70.09886,44.15445,2016-10-01,2.181922,2016,10,993.045678873559
3118,147591,-70.09849,44.15445,2016-10-01,2.404752,2016,10,993.045678873559
3119,147592,-70.09811,44.15445,2016-10-01,2.514749,2016,10,993.045678873559
3120,147593,-70.09774,44.15445,2016-10-01,2.217578,2016,10,993.045678873559
3121,147594,-70.09736,44.15445,2016-10-01,1.772483,2016,10,952.922621141294
3122,147595,-70.09699,44.15445,2016-10-01,1.141481,2016,10,952.922621141294
3123,147596,-70.09661,44.15445,2016-10-01,0.7407748,2016,10,501.53822165331263
3124,147597,-70.09136,44.15445,2016-10-01,-3.18498,2016,10,10.030764433066253
3125,147598,-70.09099,44.15445,2016-10-01,-3.986384,2016,10,10.030764433066253
3126,147599,-70.09061,44.15445,2016-10-01,-3.397295,2016,10,10.030764433066253
3127,147600,-70.09024,44.15445,2016-10-01,-2.753572,2016,10,10.030764433066253
3128,147601,-70.08874,44.15445,2016-10-01,-2.097987,2016,10,10.030764433066253
3129,147602,-70.08836,44.15445,2016-10-01,-1.478588,2016,10,50.15382216533126
3130,147603,-70.08799,44.15445,2016-10-01,-0.692455,2016,10,501.53822165331263
3131,147604,-70.08761,44.15445,2016-10-01,-0.9452755,2016,10,501.53822165331263
3132,147605,-70.11386,44.15418,2016-10-01,-1.252561,2016,10,50.15382216533126
3133,147606,-70.11349,44.15418,2016-10-01,-1.239481,2016,10,50.15382216533126
3134,147607,-70.11311,44.15418,2016-10-01,-1.297091,2016,10,50.15382216533126
3135,147608,-70.11274,44.15418,2016-10-01,-0.8630052,2016,10,501.53822165331263
3136,147609,-70.11236,44.15418,2016-10-01,-0.5969877,2016,10,501.53822165331263
3137,147610,-70.11199,44.15418,2016-10-01,-0.5107203,2016,10,501.53822165331263
3138,147611,-70.11161,44.15418,2016-10-01,-0.6040003,2016,10,501.53822165331263
3139,147612,-70.11124,44.15418,2016-10-01,-0.6747202,2016,10,501.53822165331263
3140,147613,-70.11086,44.15418,2016-10-01,-0.6248231,2016,10,501.53822165331263
3141,147614,-70.11049,44.15418,2016-10-01,-0.4726849,2016,10,501.53822165331263
3142,147615,-70.11011,44.15418,2016-10-01,-0.3027649,2016,10,501.53822165331263
3143,147616,-70.10974,44.15418,2016-10-01,-0.09019393,2016,10,501.53822165331263
3144,147617,-70.10936,44.15418,2016-10-01,0.07892783,2016,10,501.53822165331263
3145,147618,-70.10899,44.15418,2016-10-01,0.4037096,2016,10,501.53822165331263
3146,147619,-70.10861,44.15418,2016-10-01,0.759689,2016,10,501.53822165331263
3147,147620,-70.10824,44.15418,2016-10-01,1.155491,2016,10,952.922621141294
3148,147621,-70.10786,44.15418,2016-10-01,1.235816,2016,10,952.922621141294
3149,147622,-70.10749,44.15418,2016-10-01,1.130165,2016,10,952.922621141294
3150,147623,-70.10711,44.15418,2016-10-01,0.9753907,2016,10,501.53822165331263
3151,147624,-70.10674,44.15418,2016-10-01,0.9451293,2016,10,501.53822165331263
3152,147625,-70.10636,44.15418,2016-10-01,1.223946,2016,10,952.922621141294
3153,147626,-70.10599,44.15418,2016-10-01,1.393253,2016,10,952.922621141294
3154,147627,-70.10561,44.15418,2016-10-01,1.698978,2016,10,952.922621141294
3155,147628,-70.10524,44.15418,2016-10-01,1.735756,2016,10,952.922621141294
3156,147629,-70.10486,44.15418,2016-10-01,1.741229,2016,10,952.922621141294
3157,147630,-70.10449,44.15418,2016-10-01,1.742516,2016,10,952.922621141294
3158,147631,-70.10411,44.15418,2016-10-01,1.687612,2016,10,952.922621141294
3159,147632,-70.10374,44.15418,2016-10-01,1.682215,2016,10,952.922621141294
3160,147633,-70.10336,44.15418,2016-10-01,1.822039,2016,10,952.922621141294
3161,147634,-70.10299,44.15418,2016-10-01,1.73116,2016,10,952.922621141294
3162,147635,-70.10261,44.15418,2016-10-01,1.736363,2016,10,952.922621141294
3163,147636,-70.10224,44.15418,2016-10-01,1.617577,2016,10,952.922621141294
3164,147637,-70.10186,44.15418,2016-10-01,1.650169,2016,10,952.922621141294
3165,147638,-70.10149,44.15418,2016-10-01,1.66549,2016,10,952.922621141294
3166,147639,-70.10111,44.15418,2016-10-01,1.694285,2016,10,952.922621141294
3167,147640,-70.10074,44.15418,2016-10-01,1.721933,2016,10,952.922621141294
3168,147641,-70.10036,44.15418,2016-10-01,1.926689,2016,10,952.922621141294
3169,147642,-70.09999,44.15418,2016-10-01,2.042928,2016,10,993.045678873559
3170,147643,-70.09961,44.15418,2016-10-01,2.157323,2016,10,993.045678873559
3171,147644,-70.09924,44.15418,2016-10-01,2.269428,2016,10,993.045678873559
3172,147645,-70.09886,44.15418,2016-10-01,2.389762,2016,10,993.045678873559
3173,147646,-70.09849,44.15418,2016-10-01,2.566039,2016,10,993.045678873559
3174,147647,-70.09811,44.15418,2016-10-01,2.78285,2016,10,993.045678873559
3175,147648,-70.09774,44.15418,2016-10-01,2.475519,2016,10,993.045678873559
3176,147649,-70.09736,44.15418,2016-10-01,1.994925,2016,10,993.045678873559
3177,147650,-70.09699,44.15418,2016-10-01,1.254003,2016,10,952.922621141294
3178,147651,-70.09661,44.15418,2016-10-01,0.7976979,2016,10,501.53822165331263
3179,147652,-70.11386,44.15391,2016-10-01,-1.134351,2016,10,50.15382216533126
3180,147653,-70.11349,44.15391,2016-10-01,-1.10588,2016,10,50.15382216533126
3181,147654,-70.11311,44.15391,2016-10-01,-1.145722,2016,10,50.15382216533126
3182,147655,-70.11274,44.15391,2016-10-01,-0.7268043,2016,10,501.53822165331263
3183,147656,-70.11236,44.15391,2016-10-01,-0.4583157,2016,10,501.53822165331263
3184,147657,-70.11199,44.15391,2016-10-01,-0.374072,2016,10,501.53822165331263
3185,147658,-70.11161,44.15391,2016-10-01,-0.4663234,2016,10,501.53822165331263
3186,147659,-70.11124,44.15391,2016-10-01,-0.5540907,2016,10,501.53822165331263
3187,147660,-70.11086,44.15391,2016-10-01,-0.6365619,2016,10,501.53822165331263
3188,147661,-70.11049,44.15391,2016-10-01,-0.5581836,2016,10,501.53822165331263
3189,147662,-70.11011,44.15391,2016-10-01,-0.4765917,2016,10,501.53822165331263
3190,147663,-70.10974,44.15391,2016-10-01,-0.2902643,2016,10,501.53822165331263
3191,147664,-70.10936,44.15391,2016-10-01,-0.04651421,2016,10,501.53822165331263
3192,147665,-70.10899,44.15391,2016-10-01,0.3428276,2016,10,501.53822165331263
3193,147666,-70.10861,44.15391,2016-10-01,0.7061654,2016,10,501.53822165331263
3194,147667,-70.10824,44.15391,2016-10-01,1.049118,2016,10,952.922621141294
3195,147668,-70.10786,44.15391,2016-10-01,1.214361,2016,10,952.922621141294
3196,147669,-70.10749,44.15391,2016-10-01,1.135927,2016,10,952.922621141294
3197,147670,-70.10711,44.15391,2016-10-01,0.9558226,2016,10,501.53822165331263
3198,147671,-70.10674,44.15391,2016-10-01,0.8620447,2016,10,501.53822165331263
3199,147672,-70.10636,44.15391,2016-10-01,1.086951,2016,10,952.922621141294
3200,147673,-70.10599,44.15391,2016-10-01,1.325077,2016,10,952.922621141294
3201,147674,-70.10561,44.15391,2016-10-01,1.617959,2016,10,952.922621141294
3202,147675,-70.10524,44.15391,2016-10-01,1.797231,2016,10,952.922621141294
3203,147676,-70.10486,44.15391,2016-10-01,1.875914,2016,10,952.922621141294
3204,147677,-70.10449,44.15391,2016-10-01,1.817484,2016,10,952.922621141294
3205,147678,-70.10411,44.15391,2016-10-01,1.779253,2016,10,952.922621141294
3206,147679,-70.10374,44.15391,2016-10-01,1.801373,2016,10,952.922621141294
3207,147680,-70.10336,44.15391,2016-10-01,1.842081,2016,10,952.922621141294
3208,147681,-70.10299,44.15391,2016-10-01,1.804428,2016,10,952.922621141294
3209,147682,-70.10261,44.15391,2016-10-01,1.771213,2016,10,952.922621141294
3210,147683,-70.10224,44.15391,2016-10-01,1.710159,2016,10,952.922621141294
3211,147684,-70.10186,44.15391,2016-10-01,1.636983,2016,10,952.922621141294
3212,147685,-70.10149,44.15391,2016-10-01,1.593181,2016,10,952.922621141294
3213,147686,-70.10111,44.15391,2016-10-01,1.657452,2016,10,952.922621141294
3214,147687,-70.10074,44.15391,2016-10-01,1.769634,2016,10,952.922621141294
3215,147688,-70.10036,44.15391,2016-10-01,1.954771,2016,10,952.922621141294
3216,147689,-70.09999,44.15391,2016-10-01,2.161624,2016,10,993.045678873559
3217,147690,-70.09961,44.15391,2016-10-01,2.23188,2016,10,993.045678873559
3218,147691,-70.09924,44.15391,2016-10-01,2.332187,2016,10,993.045678873559
3219,147692,-70.09886,44.15391,2016-10-01,2.449276,2016,10,993.045678873559
3220,147693,-70.09849,44.15391,2016-10-01,2.679275,2016,10,993.045678873559
3221,147694,-70.09811,44.15391,2016-10-01,2.943239,2016,10,993.045678873559
3222,147695,-70.09774,44.15391,2016-10-01,2.638616,2016,10,993.045678873559
3223,147696,-70.09736,44.15391,2016-10-01,2.121868,2016,10,993.045678873559
3224,147697,-70.09699,44.15391,2016-10-01,1.04991,2016,10,952.922621141294
3225,147698,-70.09661,44.15391,2016-10-01,0.5539249,2016,10,501.53822165331263
3226,147699,-70.11386,44.15364,2016-10-01,-1.055678,2016,10,50.15382216533126
3227,147700,-70.11349,44.15364,2016-10-01,-1.054766,2016,10,50.15382216533126
3228,147701,-70.11311,44.15364,2016-10-01,-1.091176,2016,10,50.15382216533126
3229,147702,-70.11274,44.15364,2016-10-01,-0.6760326,2016,10,501.53822165331263
3230,147703,-70.11236,44.15364,2016-10-01,-0.3555582,2016,10,501.53822165331263
3231,147704,-70.11199,44.15364,2016-10-01,-0.2663869,2016,10,501.53822165331263
3232,147705,-70.11161,44.15364,2016-10-01,-0.3765408,2016,10,501.53822165331263
3233,147706,-70.11124,44.15364,2016-10-01,-0.5223544,2016,10,501.53822165331263
3234,147707,-70.11086,44.15364,2016-10-01,-0.6904963,2016,10,501.53822165331263
3235,147708,-70.11049,44.15364,2016-10-01,-0.6286178,2016,10,501.53822165331263
3236,147709,-70.11011,44.15364,2016-10-01,-0.5070233,2016,10,501.53822165331263
3237,147710,-70.10974,44.15364,2016-10-01,-0.2257948,2016,10,501.53822165331263
3238,147711,-70.10936,44.15364,2016-10-01,0.06155644,2016,10,501.53822165331263
3239,147712,-70.10899,44.15364,2016-10-01,0.314707,2016,10,501.53822165331263
3240,147713,-70.10861,44.15364,2016-10-01,0.6426339,2016,10,501.53822165331263
3241,147714,-70.10824,44.15364,2016-10-01,0.9792273,2016,10,501.53822165331263
3242,147715,-70.10786,44.15364,2016-10-01,1.143298,2016,10,952.922621141294
3243,147716,-70.10749,44.15364,2016-10-01,1.109057,2016,10,952.922621141294
3244,147717,-70.10711,44.15364,2016-10-01,0.9636062,2016,10,501.53822165331263
3245,147718,-70.10674,44.15364,2016-10-01,0.8677656,2016,10,501.53822165331263
3246,147719,-70.10636,44.15364,2016-10-01,0.9379104,2016,10,501.53822165331263
3247,147720,-70.10599,44.15364,2016-10-01,1.189043,2016,10,952.922621141294
3248,147721,-70.10561,44.15364,2016-10-01,1.483753,2016,10,952.922621141294
3249,147722,-70.10524,44.15364,2016-10-01,1.662181,2016,10,952.922621141294
3250,147723,-70.10486,44.15364,2016-10-01,1.770682,2016,10,952.922621141294
3251,147724,-70.10449,44.15364,2016-10-01,1.807152,2016,10,952.922621141294
3252,147725,-70.10411,44.15364,2016-10-01,1.852496,2016,10,952.922621141294
3253,147726,-70.10374,44.15364,2016-10-01,1.911796,2016,10,952.922621141294
3254,147727,-70.10336,44.15364,2016-10-01,1.898408,2016,10,952.922621141294
3255,147728,-70.10299,44.15364,2016-10-01,1.871247,2016,10,952.922621141294
3256,147729,-70.10261,44.15364,2016-10-01,1.784858,2016,10,952.922621141294
3257,147730,-70.10224,44.15364,2016-10-01,1.658447,2016,10,952.922621141294
3258,147731,-70.10186,44.15364,2016-10-01,1.562422,2016,10,952.922621141294
3259,147732,-70.10149,44.15364,2016-10-01,1.574238,2016,10,952.922621141294
3260,147733,-70.10111,44.15364,2016-10-01,1.635567,2016,10,952.922621141294
3261,147734,-70.10074,44.15364,2016-10-01,1.82381,2016,10,952.922621141294
3262,147735,-70.10036,44.15364,2016-10-01,2.000925,2016,10,993.045678873559
3263,147736,-70.09999,44.15364,2016-10-01,2.256758,2016,10,993.045678873559
3264,147737,-70.09961,44.15364,2016-10-01,2.328905,2016,10,993.045678873559
3265,147738,-70.09924,44.15364,2016-10-01,2.435371,2016,10,993.045678873559
3266,147739,-70.09886,44.15364,2016-10-01,2.55995,2016,10,993.045678873559
3267,147740,-70.09849,44.15364,2016-10-01,2.737082,2016,10,993.045678873559
3268,147741,-70.09811,44.15364,2016-10-01,2.896311,2016,10,993.045678873559
3269,147742,-70.09774,44.15364,2016-10-01,2.578612,2016,10,993.045678873559
3270,147743,-70.09736,44.15364,2016-10-01,1.970987,2016,10,993.045678873559
3271,147744,-70.09699,44.15364,2016-10-01,0.4565465,2016,10,501.53822165331263
3272,147745,-70.09661,44.15364,2016-10-01,0.0385887,2016,10,501.53822165331263
3273,147746,-70.11386,44.15337,2016-10-01,-1.049183,2016,10,50.15382216533126
3274,147747,-70.11349,44.15337,2016-10-01,-1.060315,2016,10,50.15382216533126
3275,147748,-70.11311,44.15337,2016-10-01,-1.124221,2016,10,50.15382216533126
3276,147749,-70.11274,44.15337,2016-10-01,-0.7044429,2016,10,501.53822165331263
3277,147750,-70.11236,44.15337,2016-10-01,-0.3708796,2016,10,501.53822165331263
3278,147751,-70.11199,44.15337,2016-10-01,-0.2996211,2016,10,501.53822165331263
3279,147752,-70.11161,44.15337,2016-10-01,-0.3463082,2016,10,501.53822165331263
3280,147753,-70.11124,44.15337,2016-10-01,-0.5060672,2016,10,501.53822165331263
3281,147754,-70.11086,44.15337,2016-10-01,-0.6750723,2016,10,501.53822165331263
3282,147755,-70.11049,44.15337,2016-10-01,-0.6642937,2016,10,501.53822165331263
3283,147756,-70.11011,44.15337,2016-10-01,-0.5333928,2016,10,501.53822165331263
3284,147757,-70.10974,44.15337,2016-10-01,-0.2396043,2016,10,501.53822165331263
3285,147758,-70.10936,44.15337,2016-10-01,0.1231716,2016,10,501.53822165331263
3286,147759,-70.10899,44.15337,2016-10-01,0.5014616,2016,10,501.53822165331263
3287,147760,-70.10861,44.15337,2016-10-01,0.7646086,2016,10,501.53822165331263
3288,147761,-70.10824,44.15337,2016-10-01,0.9757396,2016,10,501.53822165331263
3289,147762,-70.10786,44.15337,2016-10-01,1.098801,2016,10,952.922621141294
3290,147763,-70.10749,44.15337,2016-10-01,1.061719,2016,10,952.922621141294
3291,147764,-70.10711,44.15337,2016-10-01,0.9412011,2016,10,501.53822165331263
3292,147765,-70.10674,44.15337,2016-10-01,0.8102976,2016,10,501.53822165331263
3293,147766,-70.10636,44.15337,2016-10-01,0.8043186,2016,10,501.53822165331263
3294,147767,-70.10599,44.15337,2016-10-01,0.9310293,2016,10,501.53822165331263
3295,147768,-70.10561,44.15337,2016-10-01,1.237851,2016,10,952.922621141294
3296,147769,-70.10524,44.15337,2016-10-01,1.473954,2016,10,952.922621141294
3297,147770,-70.10486,44.15337,2016-10-01,1.668839,2016,10,952.922621141294
3298,147771,-70.10449,44.15337,2016-10-01,1.773793,2016,10,952.922621141294
3299,147772,-70.10411,44.15337,2016-10-01,1.842145,2016,10,952.922621141294
3300,147773,-70.10374,44.15337,2016-10-01,1.930682,2016,10,952.922621141294
3301,147774,-70.10336,44.15337,2016-10-01,1.876919,2016,10,952.922621141294
3302,147775,-70.10299,44.15337,2016-10-01,1.828574,2016,10,952.922621141294
3303,147776,-70.10261,44.15337,2016-10-01,1.692973,2016,10,952.922621141294
3304,147777,-70.10224,44.15337,2016-10-01,1.584361,2016,10,952.922621141294
3305,147778,-70.10186,44.15337,2016-10-01,1.453624,2016,10,952.922621141294
3306,147779,-70.10149,44.15337,2016-10-01,1.406008,2016,10,952.922621141294
3307,147780,-70.10111,44.15337,2016-10-01,1.502022,2016,10,952.922621141294
3308,147781,-70.10074,44.15337,2016-10-01,1.840164,2016,10,952.922621141294
3309,147782,-70.10036,44.15337,2016-10-01,2.134756,2016,10,993.045678873559
3310,147783,-70.09999,44.15337,2016-10-01,2.400325,2016,10,993.045678873559
3311,147784,-70.09961,44.15337,2016-10-01,2.493522,2016,10,993.045678873559
3312,147785,-70.09924,44.15337,2016-10-01,2.569173,2016,10,993.045678873559
3313,147786,-70.09886,44.15337,2016-10-01,2.589862,2016,10,993.045678873559
3314,147787,-70.09849,44.15337,2016-10-01,2.673027,2016,10,993.045678873559
3315,147788,-70.09811,44.15337,2016-10-01,2.726103,2016,10,993.045678873559
3316,147789,-70.09774,44.15337,2016-10-01,2.266452,2016,10,993.045678873559
3317,147790,-70.09736,44.15337,2016-10-01,1.237574,2016,10,952.922621141294
3318,147791,-70.09699,44.15337,2016-10-01,-0.7660434,2016,10,501.53822165331263
3319,147792,-70.09661,44.15337,2016-10-01,-1.030073,2016,10,50.15382216533126
3320,147793,-70.11386,44.1531,2016-10-01,-1.05263,2016,10,50.15382216533126
3321,147794,-70.11349,44.1531,2016-10-01,-1.05689,2016,10,50.15382216533126
3322,147795,-70.11311,44.1531,2016-10-01,-1.123256,2016,10,50.15382216533126
3323,147796,-70.11274,44.1531,2016-10-01,-0.7188134,2016,10,501.53822165331263
3324,147797,-70.11236,44.1531,2016-10-01,-0.4865376,2016,10,501.53822165331263
3325,147798,-70.11199,44.1531,2016-10-01,-0.4551488,2016,10,501.53822165331263
3326,147799,-70.11161,44.1531,2016-10-01,-0.4963204,2016,10,501.53822165331263
3327,147800,-70.11124,44.1531,2016-10-01,-0.638885,2016,10,501.53822165331263
3328,147801,-70.11086,44.1531,2016-10-01,-0.6872223,2016,10,501.53822165331263
3329,147802,-70.11049,44.1531,2016-10-01,-0.7072879,2016,10,501.53822165331263
3330,147803,-70.11011,44.1531,2016-10-01,-0.5280359,2016,10,501.53822165331263
3331,147804,-70.10974,44.1531,2016-10-01,-0.1857993,2016,10,501.53822165331263
3332,147805,-70.10936,44.1531,2016-10-01,0.2231618,2016,10,501.53822165331263
3333,147806,-70.10899,44.1531,2016-10-01,0.6277951,2016,10,501.53822165331263
3334,147807,-70.10861,44.1531,2016-10-01,0.7679212,2016,10,501.53822165331263
3335,147808,-70.10824,44.1531,2016-10-01,0.8164431,2016,10,501.53822165331263
3336,147809,-70.10786,44.1531,2016-10-01,0.9077821,2016,10,501.53822165331263
3337,147810,-70.10749,44.1531,2016-10-01,0.9591034,2016,10,501.53822165331263
3338,147811,-70.10711,44.1531,2016-10-01,0.9625077,2016,10,501.53822165331263
3339,147812,-70.10674,44.1531,2016-10-01,0.8833844,2016,10,501.53822165331263
3340,147813,-70.10636,44.1531,2016-10-01,0.851817,2016,10,501.53822165331263
3341,147814,-70.10599,44.1531,2016-10-01,0.8851113,2016,10,501.53822165331263
3342,147815,-70.10561,44.1531,2016-10-01,1.036591,2016,10,952.922621141294
3343,147816,-70.10524,44.1531,2016-10-01,1.237012,2016,10,952.922621141294
3344,147817,-70.10486,44.1531,2016-10-01,1.429569,2016,10,952.922621141294
3345,147818,-70.10449,44.1531,2016-10-01,1.65939,2016,10,952.922621141294
3346,147819,-70.10411,44.1531,2016-10-01,1.770322,2016,10,952.922621141294
3347,147820,-70.10374,44.1531,2016-10-01,1.938859,2016,10,952.922621141294
3348,147821,-70.10336,44.1531,2016-10-01,1.801426,2016,10,952.922621141294
3349,147822,-70.10299,44.1531,2016-10-01,1.752167,2016,10,952.922621141294
3350,147823,-70.10261,44.1531,2016-10-01,1.595972,2016,10,952.922621141294
3351,147824,-70.10224,44.1531,2016-10-01,1.479253,2016,10,952.922621141294
3352,147825,-70.10186,44.1531,2016-10-01,1.346426,2016,10,952.922621141294
3353,147826,-70.10149,44.1531,2016-10-01,1.375022,2016,10,952.922621141294
3354,147827,-70.10111,44.1531,2016-10-01,1.59614,2016,10,952.922621141294
3355,147828,-70.10074,44.1531,2016-10-01,1.931492,2016,10,952.922621141294
3356,147829,-70.10036,44.1531,2016-10-01,2.302197,2016,10,993.045678873559
3357,147830,-70.09999,44.1531,2016-10-01,2.599926,2016,10,993.045678873559
3358,147831,-70.09961,44.1531,2016-10-01,2.672101,2016,10,993.045678873559
3359,147832,-70.09924,44.1531,2016-10-01,2.669765,2016,10,993.045678873559
3360,147833,-70.09886,44.1531,2016-10-01,2.623538,2016,10,993.045678873559
3361,147834,-70.09849,44.1531,2016-10-01,2.599587,2016,10,993.045678873559
3362,147835,-70.09811,44.1531,2016-10-01,2.500696,2016,10,993.045678873559
3363,147836,-70.09774,44.1531,2016-10-01,1.511094,2016,10,952.922621141294
3364,147837,-70.09736,44.1531,2016-10-01,-0.06159945,2016,10,501.53822165331263
3365,147838,-70.09699,44.1531,2016-10-01,-1.894376,2016,10,50.15382216533126
3366,147839,-70.09661,44.1531,2016-10-01,-2.053118,2016,10,10.030764433066253
3367,147840,-70.11386,44.15283,2016-10-01,-1.170534,2016,10,50.15382216533126
3368,147841,-70.11349,44.15283,2016-10-01,-1.240601,2016,10,50.15382216533126
3369,147842,-70.11311,44.15283,2016-10-01,-1.243323,2016,10,50.15382216533126
3370,147843,-70.11274,44.15283,2016-10-01,-0.7118352,2016,10,501.53822165331263
3371,147844,-70.11236,44.15283,2016-10-01,-0.5599671,2016,10,501.53822165331263
3372,147845,-70.11199,44.15283,2016-10-01,-0.6453229,2016,10,501.53822165331263
3373,147846,-70.11161,44.15283,2016-10-01,-0.6555192,2016,10,501.53822165331263
3374,147847,-70.11124,44.15283,2016-10-01,-0.6943843,2016,10,501.53822165331263
3375,147848,-70.11086,44.15283,2016-10-01,-0.6433562,2016,10,501.53822165331263
3376,147849,-70.11049,44.15283,2016-10-01,-0.6309621,2016,10,501.53822165331263
3377,147850,-70.11011,44.15283,2016-10-01,-0.4949775,2016,10,501.53822165331263
3378,147851,-70.10974,44.15283,2016-10-01,-0.1953458,2016,10,501.53822165331263
3379,147852,-70.10936,44.15283,2016-10-01,0.1859325,2016,10,501.53822165331263
3380,147853,-70.10899,44.15283,2016-10-01,0.5040259,2016,10,501.53822165331263
3381,147854,-70.10861,44.15283,2016-10-01,0.6878136,2016,10,501.53822165331263
3382,147855,-70.10824,44.15283,2016-10-01,0.7923694,2016,10,501.53822165331263
3383,147856,-70.10786,44.15283,2016-10-01,0.7974452,2016,10,501.53822165331263
3384,147857,-70.10749,44.15283,2016-10-01,0.8758765,2016,10,501.53822165331263
3385,147858,-70.10711,44.15283,2016-10-01,0.8279772,2016,10,501.53822165331263
3386,147859,-70.10674,44.15283,2016-10-01,0.8518367,2016,10,501.53822165331263
3387,147860,-70.10636,44.15283,2016-10-01,0.8098683,2016,10,501.53822165331263
3388,147861,-70.10599,44.15283,2016-10-01,0.8506789,2016,10,501.53822165331263
3389,147862,-70.10561,44.15283,2016-10-01,0.9003057,2016,10,501.53822165331263
3390,147863,-70.10524,44.15283,2016-10-01,1.027475,2016,10,952.922621141294
3391,147864,-70.10486,44.15283,2016-10-01,1.12282,2016,10,952.922621141294
3392,147865,-70.10449,44.15283,2016-10-01,1.424984,2016,10,952.922621141294
3393,147866,-70.10411,44.15283,2016-10-01,1.594674,2016,10,952.922621141294
3394,147867,-70.10374,44.15283,2016-10-01,1.834532,2016,10,952.922621141294
3395,147868,-70.10336,44.15283,2016-10-01,1.855274,2016,10,952.922621141294
3396,147869,-70.10299,44.15283,2016-10-01,1.772423,2016,10,952.922621141294
3397,147870,-70.10261,44.15283,2016-10-01,1.628219,2016,10,952.922621141294
3398,147871,-70.10224,44.15283,2016-10-01,1.441968,2016,10,952.922621141294
3399,147872,-70.10186,44.15283,2016-10-01,1.41341,2016,10,952.922621141294
3400,147873,-70.10149,44.15283,2016-10-01,1.443686,2016,10,952.922621141294
3401,147874,-70.10111,44.15283,2016-10-01,1.605311,2016,10,952.922621141294
3402,147875,-70.10074,44.15283,2016-10-01,1.98814,2016,10,993.045678873559
3403,147876,-70.10036,44.15283,2016-10-01,2.370103,2016,10,993.045678873559
3404,147877,-70.09999,44.15283,2016-10-01,2.684217,2016,10,993.045678873559
3405,147878,-70.09961,44.15283,2016-10-01,2.763947,2016,10,993.045678873559
3406,147879,-70.09924,44.15283,2016-10-01,2.679128,2016,10,993.045678873559
3407,147880,-70.09886,44.15283,2016-10-01,2.571149,2016,10,993.045678873559
3408,147881,-70.09849,44.15283,2016-10-01,2.514966,2016,10,993.045678873559
3409,147882,-70.09811,44.15283,2016-10-01,2.362049,2016,10,993.045678873559
3410,147883,-70.09774,44.15283,2016-10-01,0.9813869,2016,10,501.53822165331263
3411,147884,-70.09736,44.15283,2016-10-01,-0.696,2016,10,501.53822165331263
3412,147885,-70.09699,44.15283,2016-10-01,-2.162876,2016,10,10.030764433066253
3413,147886,-70.09661,44.15283,2016-10-01,-2.505422,2016,10,10.030764433066253
3414,147887,-70.11386,44.15256,2016-10-01,-0.9910668,2016,10,501.53822165331263
3415,147888,-70.11349,44.15256,2016-10-01,-0.8292121,2016,10,501.53822165331263
3416,147889,-70.11311,44.15256,2016-10-01,-1.089634,2016,10,50.15382216533126
3417,147890,-70.11274,44.15256,2016-10-01,-0.7338586,2016,10,501.53822165331263
3418,147891,-70.11236,44.15256,2016-10-01,-0.6942066,2016,10,501.53822165331263
3419,147892,-70.11199,44.15256,2016-10-01,-0.8428092,2016,10,501.53822165331263
3420,147893,-70.11161,44.15256,2016-10-01,-0.8339408,2016,10,501.53822165331263
3421,147894,-70.11124,44.15256,2016-10-01,-0.7968618,2016,10,501.53822165331263
3422,147895,-70.11086,44.15256,2016-10-01,-0.7007028,2016,10,501.53822165331263
3423,147896,-70.11049,44.15256,2016-10-01,-0.6242959,2016,10,501.53822165331263
3424,147897,-70.11011,44.15256,2016-10-01,-0.5256987,2016,10,501.53822165331263
3425,147898,-70.10974,44.15256,2016-10-01,-0.2551538,2016,10,501.53822165331263
3426,147899,-70.10936,44.15256,2016-10-01,0.0351313,2016,10,501.53822165331263
3427,147900,-70.10899,44.15256,2016-10-01,0.3132392,2016,10,501.53822165331263
3428,147901,-70.10861,44.15256,2016-10-01,0.3504459,2016,10,501.53822165331263
3429,147902,-70.10824,44.15256,2016-10-01,0.4683232,2016,10,501.53822165331263
3430,147903,-70.10786,44.15256,2016-10-01,0.5309004,2016,10,501.53822165331263
3431,147904,-70.10749,44.15256,2016-10-01,0.7942599,2016,10,501.53822165331263
3432,147905,-70.10711,44.15256,2016-10-01,0.8460064,2016,10,501.53822165331263
3433,147906,-70.10674,44.15256,2016-10-01,0.9468526,2016,10,501.53822165331263
3434,147907,-70.10636,44.15256,2016-10-01,0.9310242,2016,10,501.53822165331263
3435,147908,-70.10599,44.15256,2016-10-01,0.8888528,2016,10,501.53822165331263
3436,147909,-70.10561,44.15256,2016-10-01,0.8838096,2016,10,501.53822165331263
3437,147910,-70.10524,44.15256,2016-10-01,0.9238771,2016,10,501.53822165331263
3438,147911,-70.10486,44.15256,2016-10-01,1.010646,2016,10,952.922621141294
3439,147912,-70.10449,44.15256,2016-10-01,1.268036,2016,10,952.922621141294
3440,147913,-70.10411,44.15256,2016-10-01,1.466133,2016,10,952.922621141294
3441,147914,-70.10374,44.15256,2016-10-01,1.679321,2016,10,952.922621141294
3442,147915,-70.10336,44.15256,2016-10-01,1.819202,2016,10,952.922621141294
3443,147916,-70.10299,44.15256,2016-10-01,1.689654,2016,10,952.922621141294
3444,147917,-70.10261,44.15256,2016-10-01,1.596536,2016,10,952.922621141294
3445,147918,-70.10224,44.15256,2016-10-01,1.368254,2016,10,952.922621141294
3446,147919,-70.10186,44.15256,2016-10-01,1.409821,2016,10,952.922621141294
3447,147920,-70.10149,44.15256,2016-10-01,1.48282,2016,10,952.922621141294
3448,147921,-70.10111,44.15256,2016-10-01,1.638956,2016,10,952.922621141294
3449,147922,-70.10074,44.15256,2016-10-01,2.010833,2016,10,993.045678873559
3450,147923,-70.10036,44.15256,2016-10-01,2.34515,2016,10,993.045678873559
3451,147924,-70.09999,44.15256,2016-10-01,2.7237,2016,10,993.045678873559
3452,147925,-70.09961,44.15256,2016-10-01,2.788717,2016,10,993.045678873559
3453,147926,-70.09924,44.15256,2016-10-01,2.665334,2016,10,993.045678873559
3454,147927,-70.09886,44.15256,2016-10-01,2.540008,2016,10,993.045678873559
3455,147928,-70.09849,44.15256,2016-10-01,2.564997,2016,10,993.045678873559
3456,147929,-70.09811,44.15256,2016-10-01,2.466985,2016,10,993.045678873559
3457,147930,-70.09774,44.15256,2016-10-01,1.195167,2016,10,952.922621141294
3458,147931,-70.09736,44.15256,2016-10-01,-0.6956119,2016,10,501.53822165331263
3459,147932,-70.09699,44.15256,2016-10-01,-2.35326,2016,10,10.030764433066253
3460,147933,-70.09661,44.15256,2016-10-01,-2.988582,2016,10,10.030764433066253
3461,147934,-70.11349,44.15229,2016-10-01,-0.7153591,2016,10,501.53822165331263
3462,147935,-70.11311,44.15229,2016-10-01,-1.053754,2016,10,50.15382216533126
3463,147936,-70.11274,44.15229,2016-10-01,-0.783942,2016,10,501.53822165331263
3464,147937,-70.11236,44.15229,2016-10-01,-0.8839035,2016,10,501.53822165331263
3465,147938,-70.11199,44.15229,2016-10-01,-0.9418795,2016,10,501.53822165331263
3466,147939,-70.11161,44.15229,2016-10-01,-0.8775953,2016,10,501.53822165331263
3467,147940,-70.11124,44.15229,2016-10-01,-0.8025881,2016,10,501.53822165331263
3468,147941,-70.11086,44.15229,2016-10-01,-0.6732029,2016,10,501.53822165331263
3469,147942,-70.11049,44.15229,2016-10-01,-0.6182915,2016,10,501.53822165331263
3470,147943,-70.11011,44.15229,2016-10-01,-0.5502918,2016,10,501.53822165331263
3471,147944,-70.10974,44.15229,2016-10-01,-0.35702,2016,10,501.53822165331263
3472,147945,-70.10936,44.15229,2016-10-01,-0.2424951,2016,10,501.53822165331263
3473,147946,-70.10899,44.15229,2016-10-01,-0.02937806,2016,10,501.53822165331263
3474,147947,-70.10861,44.15229,2016-10-01,0.0174175,2016,10,501.53822165331263
3475,147948,-70.10824,44.15229,2016-10-01,0.1787531,2016,10,501.53822165331263
3476,147949,-70.10786,44.15229,2016-10-01,0.3199161,2016,10,501.53822165331263
3477,147950,-70.10749,44.15229,2016-10-01,0.5395768,2016,10,501.53822165331263
3478,147951,-70.10711,44.15229,2016-10-01,0.6655689,2016,10,501.53822165331263
3479,147952,-70.10674,44.15229,2016-10-01,0.8114471,2016,10,501.53822165331263
3480,147953,-70.10636,44.15229,2016-10-01,0.949767,2016,10,501.53822165331263
3481,147954,-70.10599,44.15229,2016-10-01,0.9534225,2016,10,501.53822165331263
3482,147955,-70.10561,44.15229,2016-10-01,0.9476318,2016,10,501.53822165331263
3483,147956,-70.10524,44.15229,2016-10-01,0.8956963,2016,10,501.53822165331263
3484,147957,-70.10486,44.15229,2016-10-01,0.9552161,2016,10,501.53822165331263
3485,147958,-70.10449,44.15229,2016-10-01,1.102177,2016,10,952.922621141294
3486,147959,-70.10411,44.15229,2016-10-01,1.346548,2016,10,952.922621141294
3487,147960,-70.10374,44.15229,2016-10-01,1.660387,2016,10,952.922621141294
3488,147961,-70.10336,44.15229,2016-10-01,1.914434,2016,10,952.922621141294
3489,147962,-70.10299,44.15229,2016-10-01,1.786363,2016,10,952.922621141294
3490,147963,-70.10261,44.15229,2016-10-01,1.671832,2016,10,952.922621141294
3491,147964,-70.10224,44.15229,2016-10-01,1.401014,2016,10,952.922621141294
3492,147965,-70.10186,44.15229,2016-10-01,1.481505,2016,10,952.922621141294
3493,147966,-70.10149,44.15229,2016-10-01,1.580519,2016,10,952.922621141294
3494,147967,-70.10111,44.15229,2016-10-01,1.735056,2016,10,952.922621141294
3495,147968,-70.10074,44.15229,2016-10-01,2.061312,2016,10,993.045678873559
3496,147969,-70.10036,44.15229,2016-10-01,2.309971,2016,10,993.045678873559
3497,147970,-70.09999,44.15229,2016-10-01,2.619598,2016,10,993.045678873559
3498,147971,-70.09961,44.15229,2016-10-01,2.663884,2016,10,993.045678873559
3499,147972,-70.09924,44.15229,2016-10-01,2.534946,2016,10,993.045678873559
3500,147973,-70.09886,44.15229,2016-10-01,2.499438,2016,10,993.045678873559
3501,147974,-70.09849,44.15229,2016-10-01,2.576948,2016,10,993.045678873559
3502,147975,-70.09811,44.15229,2016-10-01,2.798128,2016,10,993.045678873559
3503,147976,-70.09774,44.15229,2016-10-01,1.934435,2016,10,952.922621141294
3504,147977,-70.11311,44.15202,2016-10-01,-0.8504683,2016,10,501.53822165331263
3505,147978,-70.11274,44.15202,2016-10-01,-0.8908602,2016,10,501.53822165331263
3506,147979,-70.11236,44.15202,2016-10-01,-1.087586,2016,10,50.15382216533126
3507,147980,-70.11199,44.15202,2016-10-01,-1.056208,2016,10,50.15382216533126
3508,147981,-70.11161,44.15202,2016-10-01,-0.9627326,2016,10,501.53822165331263
3509,147982,-70.11124,44.15202,2016-10-01,-0.8712496,2016,10,501.53822165331263
3510,147983,-70.11086,44.15202,2016-10-01,-0.7306751,2016,10,501.53822165331263
3511,147984,-70.11049,44.15202,2016-10-01,-0.6582098,2016,10,501.53822165331263
3512,147985,-70.11011,44.15202,2016-10-01,-0.4959703,2016,10,501.53822165331263
3513,147986,-70.10974,44.15202,2016-10-01,-0.4035872,2016,10,501.53822165331263
3514,147987,-70.10936,44.15202,2016-10-01,-0.2237352,2016,10,501.53822165331263
3515,147988,-70.10899,44.15202,2016-10-01,-0.12144,2016,10,501.53822165331263
3516,147989,-70.10861,44.15202,2016-10-01,-0.04762616,2016,10,501.53822165331263
3517,147990,-70.10824,44.15202,2016-10-01,0.07837058,2016,10,501.53822165331263
3518,147991,-70.10786,44.15202,2016-10-01,0.2287103,2016,10,501.53822165331263
3519,147992,-70.10749,44.15202,2016-10-01,0.4448328,2016,10,501.53822165331263
3520,147993,-70.10711,44.15202,2016-10-01,0.622109,2016,10,501.53822165331263
3521,147994,-70.10674,44.15202,2016-10-01,0.7258773,2016,10,501.53822165331263
3522,147995,-70.10636,44.15202,2016-10-01,0.833838,2016,10,501.53822165331263
3523,147996,-70.10599,44.15202,2016-10-01,0.846481,2016,10,501.53822165331263
3524,147997,-70.10561,44.15202,2016-10-01,0.9842107,2016,10,501.53822165331263
3525,147998,-70.10524,44.15202,2016-10-01,0.9531116,2016,10,501.53822165331263
3526,147999,-70.10486,44.15202,2016-10-01,1.009985,2016,10,952.922621141294
3527,148000,-70.10449,44.15202,2016-10-01,1.074717,2016,10,952.922621141294
3528,148001,-70.10411,44.15202,2016-10-01,1.284393,2016,10,952.922621141294
3529,148002,-70.10374,44.15202,2016-10-01,1.534826,2016,10,952.922621141294
3530,148003,-70.10336,44.15202,2016-10-01,1.858436,2016,10,952.922621141294
3531,148004,-70.10299,44.15202,2016-10-01,1.80066,2016,10,952.922621141294
3532,148005,-70.10261,44.15202,2016-10-01,1.696443,2016,10,952.922621141294
3533,148006,-70.10224,44.15202,2016-10-01,1.444435,2016,10,952.922621141294
3534,148007,-70.10186,44.15202,2016-10-01,1.501231,2016,10,952.922621141294
3535,148008,-70.10149,44.15202,2016-10-01,1.58899,2016,10,952.922621141294
3536,148009,-70.10111,44.15202,2016-10-01,1.732449,2016,10,952.922621141294
3537,148010,-70.10074,44.15202,2016-10-01,1.929883,2016,10,952.922621141294
3538,148011,-70.10036,44.15202,2016-10-01,2.213222,2016,10,993.045678873559
3539,148012,-70.09999,44.15202,2016-10-01,2.498961,2016,10,993.045678873559
3540,148013,-70.09961,44.15202,2016-10-01,2.664232,2016,10,993.045678873559
3541,148014,-70.09924,44.15202,2016-10-01,2.531427,2016,10,993.045678873559
3542,148015,-70.09886,44.15202,2016-10-01,2.59366,2016,10,993.045678873559
3543,148016,-70.09849,44.15202,2016-10-01,2.587444,2016,10,993.045678873559
3544,148017,-70.09811,44.15202,2016-10-01,3.026952,2016,10,993.045678873559
3545,148018,-70.09774,44.15202,2016-10-01,2.588607,2016,10,993.045678873559
3546,148019,-70.09736,44.15202,2016-10-01,2.670781,2016,10,993.045678873559
3547,148020,-70.11274,44.15175,2016-10-01,-1.125648,2016,10,50.15382216533126
3548,148021,-70.11236,44.15175,2016-10-01,-1.306006,2016,10,50.15382216533126
3549,148022,-70.11199,44.15175,2016-10-01,-1.102923,2016,10,50.15382216533126
3550,148023,-70.11161,44.15175,2016-10-01,-0.9261997,2016,10,501.53822165331263
3551,148024,-70.11124,44.15175,2016-10-01,-0.8595372,2016,10,501.53822165331263
3552,148025,-70.11086,44.15175,2016-10-01,-0.7441501,2016,10,501.53822165331263
3553,148026,-70.11049,44.15175,2016-10-01,-0.678028,2016,10,501.53822165331263
3554,148027,-70.11011,44.15175,2016-10-01,-0.5097103,2016,10,501.53822165331263
3555,148028,-70.10974,44.15175,2016-10-01,-0.4473577,2016,10,501.53822165331263
3556,148029,-70.10936,44.15175,2016-10-01,-0.2986901,2016,10,501.53822165331263
3557,148030,-70.10899,44.15175,2016-10-01,-0.1979067,2016,10,501.53822165331263
3558,148031,-70.10861,44.15175,2016-10-01,-0.05395827,2016,10,501.53822165331263
3559,148032,-70.10824,44.15175,2016-10-01,0.02946772,2016,10,501.53822165331263
3560,148033,-70.10786,44.15175,2016-10-01,0.1042575,2016,10,501.53822165331263
3561,148034,-70.10749,44.15175,2016-10-01,0.2306352,2016,10,501.53822165331263
3562,148035,-70.10711,44.15175,2016-10-01,0.3793029,2016,10,501.53822165331263
3563,148036,-70.10674,44.15175,2016-10-01,0.5365442,2016,10,501.53822165331263
3564,148037,-70.10636,44.15175,2016-10-01,0.746863,2016,10,501.53822165331263
3565,148038,-70.10599,44.15175,2016-10-01,0.8288252,2016,10,501.53822165331263
3566,148039,-70.10561,44.15175,2016-10-01,0.9775551,2016,10,501.53822165331263
3567,148040,-70.10524,44.15175,2016-10-01,0.9366316,2016,10,501.53822165331263
3568,148041,-70.10486,44.15175,2016-10-01,1.146395,2016,10,952.922621141294
3569,148042,-70.10449,44.15175,2016-10-01,1.103239,2016,10,952.922621141294
3570,148043,-70.10411,44.15175,2016-10-01,1.305695,2016,10,952.922621141294
3571,148044,-70.10374,44.15175,2016-10-01,1.462204,2016,10,952.922621141294
3572,148045,-70.10336,44.15175,2016-10-01,1.79348,2016,10,952.922621141294
3573,148046,-70.10299,44.15175,2016-10-01,1.796672,2016,10,952.922621141294
3574,148047,-70.10261,44.15175,2016-10-01,1.718909,2016,10,952.922621141294
3575,148048,-70.10224,44.15175,2016-10-01,1.522296,2016,10,952.922621141294
3576,148049,-70.10186,44.15175,2016-10-01,1.532803,2016,10,952.922621141294
3577,148050,-70.10149,44.15175,2016-10-01,1.59072,2016,10,952.922621141294
3578,148051,-70.10111,44.15175,2016-10-01,1.792511,2016,10,952.922621141294
3579,148052,-70.10074,44.15175,2016-10-01,1.935524,2016,10,952.922621141294
3580,148053,-70.10036,44.15175,2016-10-01,2.272023,2016,10,993.045678873559
3581,148054,-70.09999,44.15175,2016-10-01,2.399066,2016,10,993.045678873559
3582,148055,-70.09961,44.15175,2016-10-01,2.591505,2016,10,993.045678873559
3583,148056,-70.09924,44.15175,2016-10-01,2.570708,2016,10,993.045678873559
3584,148057,-70.09886,44.15175,2016-10-01,2.691417,2016,10,993.045678873559
3585,148058,-70.09849,44.15175,2016-10-01,2.548532,2016,10,993.045678873559
3586,148059,-70.09811,44.15175,2016-10-01,2.811606,2016,10,993.045678873559
3587,148060,-70.09774,44.15175,2016-10-01,2.925515,2016,10,993.045678873559
3588,148061,-70.09736,44.15175,2016-10-01,2.532886,2016,10,993.045678873559
3589,148062,-70.09699,44.15175,2016-10-01,3.164596,2016,10,993.045678873559
3590,148063,-70.11274,44.15148,2016-10-01,-1.249479,2016,10,50.15382216533126
3591,148064,-70.11236,44.15148,2016-10-01,-1.349966,2016,10,50.15382216533126
3592,148065,-70.11199,44.15148,2016-10-01,-1.149235,2016,10,50.15382216533126
3593,148066,-70.11161,44.15148,2016-10-01,-1.004305,2016,10,50.15382216533126
3594,148067,-70.11124,44.15148,2016-10-01,-0.9335291,2016,10,501.53822165331263
3595,148068,-70.11086,44.15148,2016-10-01,-0.7960085,2016,10,501.53822165331263
3596,148069,-70.11049,44.15148,2016-10-01,-0.6801016,2016,10,501.53822165331263
3597,148070,-70.11011,44.15148,2016-10-01,-0.5694862,2016,10,501.53822165331263
3598,148071,-70.10974,44.15148,2016-10-01,-0.4476194,2016,10,501.53822165331263
3599,148072,-70.10936,44.15148,2016-10-01,-0.2975708,2016,10,501.53822165331263
3600,148073,-70.10899,44.15148,2016-10-01,-0.1439358,2016,10,501.53822165331263
3601,148074,-70.10861,44.15148,2016-10-01,0.04953934,2016,10,501.53822165331263
3602,148075,-70.10824,44.15148,2016-10-01,0.1477979,2016,10,501.53822165331263
3603,148076,-70.10786,44.15148,2016-10-01,0.2047927,2016,10,501.53822165331263
3604,148077,-70.10749,44.15148,2016-10-01,0.329763,2016,10,501.53822165331263
3605,148078,-70.10711,44.15148,2016-10-01,0.3935405,2016,10,501.53822165331263
3606,148079,-70.10674,44.15148,2016-10-01,0.4934724,2016,10,501.53822165331263
3607,148080,-70.10636,44.15148,2016-10-01,0.5794707,2016,10,501.53822165331263
3608,148081,-70.10599,44.15148,2016-10-01,0.6688409,2016,10,501.53822165331263
3609,148082,-70.10561,44.15148,2016-10-01,0.8643538,2016,10,501.53822165331263
3610,148083,-70.10524,44.15148,2016-10-01,0.9049704,2016,10,501.53822165331263
3611,148084,-70.10486,44.15148,2016-10-01,1.114259,2016,10,952.922621141294
3612,148085,-70.10449,44.15148,2016-10-01,1.106697,2016,10,952.922621141294
3613,148086,-70.10411,44.15148,2016-10-01,1.323039,2016,10,952.922621141294
3614,148087,-70.10374,44.15148,2016-10-01,1.462397,2016,10,952.922621141294
3615,148088,-70.10336,44.15148,2016-10-01,1.734992,2016,10,952.922621141294
3616,148089,-70.10299,44.15148,2016-10-01,1.730939,2016,10,952.922621141294
3617,148090,-70.10261,44.15148,2016-10-01,1.669458,2016,10,952.922621141294
3618,148091,-70.10224,44.15148,2016-10-01,1.484249,2016,10,952.922621141294
3619,148092,-70.10186,44.15148,2016-10-01,1.502467,2016,10,952.922621141294
3620,148093,-70.10149,44.15148,2016-10-01,1.530152,2016,10,952.922621141294
3621,148094,-70.10111,44.15148,2016-10-01,1.735853,2016,10,952.922621141294
3622,148095,-70.10074,44.15148,2016-10-01,1.843397,2016,10,952.922621141294
3623,148096,-70.10036,44.15148,2016-10-01,2.184829,2016,10,993.045678873559
3624,148097,-70.09999,44.15148,2016-10-01,2.33873,2016,10,993.045678873559
3625,148098,-70.09961,44.15148,2016-10-01,2.578033,2016,10,993.045678873559
3626,148099,-70.09924,44.15148,2016-10-01,2.660634,2016,10,993.045678873559
3627,148100,-70.09886,44.15148,2016-10-01,2.794701,2016,10,993.045678873559
3628,148101,-70.09849,44.15148,2016-10-01,2.590669,2016,10,993.045678873559
3629,148102,-70.09811,44.15148,2016-10-01,2.354041,2016,10,993.045678873559
3630,148103,-70.09774,44.15148,2016-10-01,2.621588,2016,10,993.045678873559
3631,148104,-70.09736,44.15148,2016-10-01,2.58596,2016,10,993.045678873559
3632,148105,-70.09699,44.15148,2016-10-01,2.723327,2016,10,993.045678873559
3633,148106,-70.09661,44.15148,2016-10-01,2.614595,2016,10,993.045678873559
3634,148107,-70.11311,44.15121,2016-10-01,-1.303579,2016,10,50.15382216533126
3635,148108,-70.11274,44.15121,2016-10-01,-1.46695,2016,10,50.15382216533126
3636,148109,-70.11236,44.15121,2016-10-01,-1.432575,2016,10,50.15382216533126
3637,148110,-70.11199,44.15121,2016-10-01,-1.191168,2016,10,50.15382216533126
3638,148111,-70.11161,44.15121,2016-10-01,-0.9651323,2016,10,501.53822165331263
3639,148112,-70.11124,44.15121,2016-10-01,-0.9098156,2016,10,501.53822165331263
3640,148113,-70.11086,44.15121,2016-10-01,-0.8609789,2016,10,501.53822165331263
3641,148114,-70.11049,44.15121,2016-10-01,-0.6787828,2016,10,501.53822165331263
3642,148115,-70.11011,44.15121,2016-10-01,-0.5971255,2016,10,501.53822165331263
3643,148116,-70.10974,44.15121,2016-10-01,-0.4871837,2016,10,501.53822165331263
3644,148117,-70.10936,44.15121,2016-10-01,-0.3773106,2016,10,501.53822165331263
3645,148118,-70.10899,44.15121,2016-10-01,-0.2086255,2016,10,501.53822165331263
3646,148119,-70.10861,44.15121,2016-10-01,0.01641261,2016,10,501.53822165331263
3647,148120,-70.10824,44.15121,2016-10-01,0.1044342,2016,10,501.53822165331263
3648,148121,-70.10786,44.15121,2016-10-01,0.140526,2016,10,501.53822165331263
3649,148122,-70.10749,44.15121,2016-10-01,0.2242274,2016,10,501.53822165331263
3650,148123,-70.10711,44.15121,2016-10-01,0.2663044,2016,10,501.53822165331263
3651,148124,-70.10674,44.15121,2016-10-01,0.4185959,2016,10,501.53822165331263
3652,148125,-70.10636,44.15121,2016-10-01,0.4990321,2016,10,501.53822165331263
3653,148126,-70.10599,44.15121,2016-10-01,0.6581146,2016,10,501.53822165331263
3654,148127,-70.10561,44.15121,2016-10-01,0.738172,2016,10,501.53822165331263
3655,148128,-70.10524,44.15121,2016-10-01,0.867537,2016,10,501.53822165331263
3656,148129,-70.10486,44.15121,2016-10-01,1.062926,2016,10,952.922621141294
3657,148130,-70.10449,44.15121,2016-10-01,1.159277,2016,10,952.922621141294
3658,148131,-70.10411,44.15121,2016-10-01,1.294806,2016,10,952.922621141294
3659,148132,-70.10374,44.15121,2016-10-01,1.391401,2016,10,952.922621141294
3660,148133,-70.10336,44.15121,2016-10-01,1.612805,2016,10,952.922621141294
3661,148134,-70.10299,44.15121,2016-10-01,1.685044,2016,10,952.922621141294
3662,148135,-70.10261,44.15121,2016-10-01,1.681902,2016,10,952.922621141294
3663,148136,-70.10224,44.15121,2016-10-01,1.503263,2016,10,952.922621141294
3664,148137,-70.10186,44.15121,2016-10-01,1.49066,2016,10,952.922621141294
3665,148138,-70.10149,44.15121,2016-10-01,1.480693,2016,10,952.922621141294
3666,148139,-70.10111,44.15121,2016-10-01,1.666107,2016,10,952.922621141294
3667,148140,-70.10074,44.15121,2016-10-01,1.885314,2016,10,952.922621141294
3668,148141,-70.10036,44.15121,2016-10-01,2.143956,2016,10,993.045678873559
3669,148142,-70.09999,44.15121,2016-10-01,2.294176,2016,10,993.045678873559
3670,148143,-70.09961,44.15121,2016-10-01,2.594668,2016,10,993.045678873559
3671,148144,-70.09924,44.15121,2016-10-01,2.700178,2016,10,993.045678873559
3672,148145,-70.09886,44.15121,2016-10-01,2.788162,2016,10,993.045678873559
3673,148146,-70.09849,44.15121,2016-10-01,2.537728,2016,10,993.045678873559
3674,148147,-70.09811,44.15121,2016-10-01,2.034842,2016,10,993.045678873559
3675,148148,-70.09774,44.15121,2016-10-01,2.077056,2016,10,993.045678873559
3676,148149,-70.09736,44.15121,2016-10-01,2.209894,2016,10,993.045678873559
3677,148150,-70.09699,44.15121,2016-10-01,1.78057,2016,10,952.922621141294
3678,148151,-70.09661,44.15121,2016-10-01,1.687034,2016,10,952.922621141294
3679,148152,-70.11349,44.15094,2016-10-01,-0.836224,2016,10,501.53822165331263
3680,148153,-70.11311,44.15094,2016-10-01,-1.181757,2016,10,50.15382216533126
3681,148154,-70.11274,44.15094,2016-10-01,-1.435674,2016,10,50.15382216533126
3682,148155,-70.11236,44.15094,2016-10-01,-1.358526,2016,10,50.15382216533126
3683,148156,-70.11199,44.15094,2016-10-01,-1.235102,2016,10,50.15382216533126
3684,148157,-70.11161,44.15094,2016-10-01,-1.087107,2016,10,50.15382216533126
3685,148158,-70.11124,44.15094,2016-10-01,-0.9833215,2016,10,501.53822165331263
3686,148159,-70.11086,44.15094,2016-10-01,-0.8991705,2016,10,501.53822165331263
3687,148160,-70.11049,44.15094,2016-10-01,-0.7303139,2016,10,501.53822165331263
3688,148161,-70.11011,44.15094,2016-10-01,-0.65861,2016,10,501.53822165331263
3689,148162,-70.10974,44.15094,2016-10-01,-0.4828686,2016,10,501.53822165331263
3690,148163,-70.10936,44.15094,2016-10-01,-0.3691181,2016,10,501.53822165331263
3691,148164,-70.10899,44.15094,2016-10-01,-0.1996423,2016,10,501.53822165331263
3692,148165,-70.10861,44.15094,2016-10-01,0.003358138,2016,10,501.53822165331263
3693,148166,-70.10824,44.15094,2016-10-01,0.135554,2016,10,501.53822165331263
3694,148167,-70.10786,44.15094,2016-10-01,0.2437463,2016,10,501.53822165331263
3695,148168,-70.10749,44.15094,2016-10-01,0.3204597,2016,10,501.53822165331263
3696,148169,-70.10711,44.15094,2016-10-01,0.3400811,2016,10,501.53822165331263
3697,148170,-70.10674,44.15094,2016-10-01,0.4228708,2016,10,501.53822165331263
3698,148171,-70.10636,44.15094,2016-10-01,0.4128983,2016,10,501.53822165331263
3699,148172,-70.10599,44.15094,2016-10-01,0.5494153,2016,10,501.53822165331263
3700,148173,-70.10561,44.15094,2016-10-01,0.6534893,2016,10,501.53822165331263
3701,148174,-70.10524,44.15094,2016-10-01,0.8329167,2016,10,501.53822165331263
3702,148175,-70.10486,44.15094,2016-10-01,1.045688,2016,10,952.922621141294
3703,148176,-70.10449,44.15094,2016-10-01,1.118802,2016,10,952.922621141294
3704,148177,-70.10411,44.15094,2016-10-01,1.276973,2016,10,952.922621141294
3705,148178,-70.10374,44.15094,2016-10-01,1.426937,2016,10,952.922621141294
3706,148179,-70.10336,44.15094,2016-10-01,1.586053,2016,10,952.922621141294
3707,148180,-70.10299,44.15094,2016-10-01,1.650149,2016,10,952.922621141294
3708,148181,-70.10261,44.15094,2016-10-01,1.605921,2016,10,952.922621141294
3709,148182,-70.10224,44.15094,2016-10-01,1.457875,2016,10,952.922621141294
3710,148183,-70.10186,44.15094,2016-10-01,1.461099,2016,10,952.922621141294
3711,148184,-70.10149,44.15094,2016-10-01,1.519333,2016,10,952.922621141294
3712,148185,-70.10111,44.15094,2016-10-01,1.673939,2016,10,952.922621141294
3713,148186,-70.10074,44.15094,2016-10-01,1.957236,2016,10,952.922621141294
3714,148187,-70.10036,44.15094,2016-10-01,2.205713,2016,10,993.045678873559
3715,148188,-70.09999,44.15094,2016-10-01,2.328985,2016,10,993.045678873559
3716,148189,-70.09961,44.15094,2016-10-01,2.545514,2016,10,993.045678873559
3717,148190,-70.09924,44.15094,2016-10-01,2.605765,2016,10,993.045678873559
3718,148191,-70.09886,44.15094,2016-10-01,2.691366,2016,10,993.045678873559
3719,148192,-70.09849,44.15094,2016-10-01,2.438651,2016,10,993.045678873559
3720,148193,-70.09811,44.15094,2016-10-01,1.908274,2016,10,952.922621141294
3721,148194,-70.09774,44.15094,2016-10-01,1.499154,2016,10,952.922621141294
3722,148195,-70.09736,44.15094,2016-10-01,0.9096678,2016,10,501.53822165331263
3723,148196,-70.09699,44.15094,2016-10-01,0.7623145,2016,10,501.53822165331263
3724,148197,-70.09661,44.15094,2016-10-01,0.6144116,2016,10,501.53822165331263
3725,148198,-70.11349,44.15067,2016-10-01,-0.8691666,2016,10,501.53822165331263
3726,148199,-70.11311,44.15067,2016-10-01,-1.105455,2016,10,50.15382216533126
3727,148200,-70.11274,44.15067,2016-10-01,-1.360107,2016,10,50.15382216533126
3728,148201,-70.11236,44.15067,2016-10-01,-1.338434,2016,10,50.15382216533126
3729,148202,-70.11199,44.15067,2016-10-01,-1.200156,2016,10,50.15382216533126
3730,148203,-70.11161,44.15067,2016-10-01,-1.042048,2016,10,50.15382216533126
3731,148204,-70.11124,44.15067,2016-10-01,-0.9193281,2016,10,501.53822165331263
3732,148205,-70.11086,44.15067,2016-10-01,-0.8682823,2016,10,501.53822165331263
3733,148206,-70.11049,44.15067,2016-10-01,-0.7189936,2016,10,501.53822165331263
3734,148207,-70.11011,44.15067,2016-10-01,-0.5942305,2016,10,501.53822165331263
3735,148208,-70.10974,44.15067,2016-10-01,-0.4384782,2016,10,501.53822165331263
3736,148209,-70.10936,44.15067,2016-10-01,-0.3429898,2016,10,501.53822165331263
3737,148210,-70.10899,44.15067,2016-10-01,-0.1652132,2016,10,501.53822165331263
3738,148211,-70.10861,44.15067,2016-10-01,-0.02485403,2016,10,501.53822165331263
3739,148212,-70.10824,44.15067,2016-10-01,0.1018395,2016,10,501.53822165331263
3740,148213,-70.10786,44.15067,2016-10-01,0.2148044,2016,10,501.53822165331263
3741,148214,-70.10749,44.15067,2016-10-01,0.2598355,2016,10,501.53822165331263
3742,148215,-70.10711,44.15067,2016-10-01,0.2889622,2016,10,501.53822165331263
3743,148216,-70.10674,44.15067,2016-10-01,0.3882329,2016,10,501.53822165331263
3744,148217,-70.10636,44.15067,2016-10-01,0.4292759,2016,10,501.53822165331263
3745,148218,-70.10599,44.15067,2016-10-01,0.5397146,2016,10,501.53822165331263
3746,148219,-70.10561,44.15067,2016-10-01,0.6472824,2016,10,501.53822165331263
3747,148220,-70.10524,44.15067,2016-10-01,0.8049504,2016,10,501.53822165331263
3748,148221,-70.10486,44.15067,2016-10-01,0.9698902,2016,10,501.53822165331263
3749,148222,-70.10449,44.15067,2016-10-01,1.034392,2016,10,952.922621141294
3750,148223,-70.10411,44.15067,2016-10-01,1.177992,2016,10,952.922621141294
3751,148224,-70.10374,44.15067,2016-10-01,1.360446,2016,10,952.922621141294
3752,148225,-70.10336,44.15067,2016-10-01,1.544709,2016,10,952.922621141294
3753,148226,-70.10299,44.15067,2016-10-01,1.607658,2016,10,952.922621141294
3754,148227,-70.10261,44.15067,2016-10-01,1.603336,2016,10,952.922621141294
3755,148228,-70.10224,44.15067,2016-10-01,1.514969,2016,10,952.922621141294
3756,148229,-70.10186,44.15067,2016-10-01,1.505527,2016,10,952.922621141294
3757,148230,-70.10149,44.15067,2016-10-01,1.592486,2016,10,952.922621141294
3758,148231,-70.10111,44.15067,2016-10-01,1.741546,2016,10,952.922621141294
3759,148232,-70.10074,44.15067,2016-10-01,2.023033,2016,10,993.045678873559
3760,148233,-70.10036,44.15067,2016-10-01,2.240349,2016,10,993.045678873559
3761,148234,-70.09999,44.15067,2016-10-01,2.383605,2016,10,993.045678873559
3762,148235,-70.09961,44.15067,2016-10-01,2.51487,2016,10,993.045678873559
3763,148236,-70.09924,44.15067,2016-10-01,2.530263,2016,10,993.045678873559
3764,148237,-70.09886,44.15067,2016-10-01,2.523843,2016,10,993.045678873559
3765,148238,-70.09849,44.15067,2016-10-01,2.277882,2016,10,993.045678873559
3766,148239,-70.09811,44.15067,2016-10-01,1.756502,2016,10,952.922621141294
3767,148240,-70.09774,44.15067,2016-10-01,1.124369,2016,10,952.922621141294
3768,148241,-70.09736,44.15067,2016-10-01,0.0114465,2016,10,501.53822165331263
3769,148242,-70.09699,44.15067,2016-10-01,-0.002065322,2016,10,501.53822165331263
3770,148243,-70.09661,44.15067,2016-10-01,0.03367339,2016,10,501.53822165331263
3771,148244,-70.11311,44.1504,2016-10-01,-0.8839353,2016,10,501.53822165331263
3772,148245,-70.11274,44.1504,2016-10-01,-1.164132,2016,10,50.15382216533126
3773,148246,-70.11236,44.1504,2016-10-01,-1.270506,2016,10,50.15382216533126
3774,148247,-70.11199,44.1504,2016-10-01,-1.2197,2016,10,50.15382216533126
3775,148248,-70.11161,44.1504,2016-10-01,-1.108684,2016,10,50.15382216533126
3776,148249,-70.11124,44.1504,2016-10-01,-1.007496,2016,10,50.15382216533126
3777,148250,-70.11086,44.1504,2016-10-01,-0.8655136,2016,10,501.53822165331263
3778,148251,-70.11049,44.1504,2016-10-01,-0.7475223,2016,10,501.53822165331263
3779,148252,-70.11011,44.1504,2016-10-01,-0.6376402,2016,10,501.53822165331263
3780,148253,-70.10974,44.1504,2016-10-01,-0.4483373,2016,10,501.53822165331263
3781,148254,-70.10936,44.1504,2016-10-01,-0.3090925,2016,10,501.53822165331263
3782,148255,-70.10899,44.1504,2016-10-01,-0.1135326,2016,10,501.53822165331263
3783,148256,-70.10861,44.1504,2016-10-01,0.05271866,2016,10,501.53822165331263
3784,148257,-70.10824,44.1504,2016-10-01,0.1844854,2016,10,501.53822165331263
3785,148258,-70.10786,44.1504,2016-10-01,0.2733422,2016,10,501.53822165331263
3786,148259,-70.10749,44.1504,2016-10-01,0.3283563,2016,10,501.53822165331263
3787,148260,-70.10711,44.1504,2016-10-01,0.3684385,2016,10,501.53822165331263
3788,148261,-70.10674,44.1504,2016-10-01,0.3995368,2016,10,501.53822165331263
3789,148262,-70.10636,44.1504,2016-10-01,0.3955267,2016,10,501.53822165331263
3790,148263,-70.10599,44.1504,2016-10-01,0.477741,2016,10,501.53822165331263
3791,148264,-70.10561,44.1504,2016-10-01,0.6114217,2016,10,501.53822165331263
3792,148265,-70.10524,44.1504,2016-10-01,0.8350543,2016,10,501.53822165331263
3793,148266,-70.10486,44.1504,2016-10-01,0.9990489,2016,10,501.53822165331263
3794,148267,-70.10449,44.1504,2016-10-01,1.084032,2016,10,952.922621141294
3795,148268,-70.10411,44.1504,2016-10-01,1.197995,2016,10,952.922621141294
3796,148269,-70.10374,44.1504,2016-10-01,1.358906,2016,10,952.922621141294
3797,148270,-70.10336,44.1504,2016-10-01,1.478716,2016,10,952.922621141294
3798,148271,-70.10299,44.1504,2016-10-01,1.477133,2016,10,952.922621141294
3799,148272,-70.10261,44.1504,2016-10-01,1.526996,2016,10,952.922621141294
3800,148273,-70.10224,44.1504,2016-10-01,1.469918,2016,10,952.922621141294
3801,148274,-70.10186,44.1504,2016-10-01,1.530465,2016,10,952.922621141294
3802,148275,-70.10149,44.1504,2016-10-01,1.614158,2016,10,952.922621141294
3803,148276,-70.10111,44.1504,2016-10-01,1.767636,2016,10,952.922621141294
3804,148277,-70.10074,44.1504,2016-10-01,2.120893,2016,10,993.045678873559
3805,148278,-70.10036,44.1504,2016-10-01,2.317963,2016,10,993.045678873559
3806,148279,-70.09999,44.1504,2016-10-01,2.455295,2016,10,993.045678873559
3807,148280,-70.09961,44.1504,2016-10-01,2.465503,2016,10,993.045678873559
3808,148281,-70.09924,44.1504,2016-10-01,2.363385,2016,10,993.045678873559
3809,148282,-70.09886,44.1504,2016-10-01,2.24126,2016,10,993.045678873559
3810,148283,-70.09849,44.1504,2016-10-01,2.011953,2016,10,993.045678873559
3811,148284,-70.09811,44.1504,2016-10-01,1.495131,2016,10,952.922621141294
3812,148285,-70.09774,44.1504,2016-10-01,0.7423022,2016,10,501.53822165331263
3813,148286,-70.09736,44.1504,2016-10-01,0.03956854,2016,10,501.53822165331263
3814,148287,-70.09699,44.1504,2016-10-01,-0.280627,2016,10,501.53822165331263
3815,148288,-70.09661,44.1504,2016-10-01,-0.4271624,2016,10,501.53822165331263
3816,148289,-70.11311,44.15013,2016-10-01,-0.9042573,2016,10,501.53822165331263
3817,148290,-70.11274,44.15013,2016-10-01,-1.088723,2016,10,50.15382216533126
3818,148291,-70.11236,44.15013,2016-10-01,-1.213212,2016,10,50.15382216533126
3819,148292,-70.11199,44.15013,2016-10-01,-1.193142,2016,10,50.15382216533126
3820,148293,-70.11161,44.15013,2016-10-01,-1.055454,2016,10,50.15382216533126
3821,148294,-70.11124,44.15013,2016-10-01,-0.9703033,2016,10,501.53822165331263
3822,148295,-70.11086,44.15013,2016-10-01,-0.85776,2016,10,501.53822165331263
3823,148296,-70.11049,44.15013,2016-10-01,-0.8120385,2016,10,501.53822165331263
3824,148297,-70.11011,44.15013,2016-10-01,-0.7050812,2016,10,501.53822165331263
3825,148298,-70.10974,44.15013,2016-10-01,-0.5006513,2016,10,501.53822165331263
3826,148299,-70.10936,44.15013,2016-10-01,-0.39025,2016,10,501.53822165331263
3827,148300,-70.10899,44.15013,2016-10-01,-0.1633251,2016,10,501.53822165331263
3828,148301,-70.10861,44.15013,2016-10-01,0.03193846,2016,10,501.53822165331263
3829,148302,-70.10824,44.15013,2016-10-01,0.21407,2016,10,501.53822165331263
3830,148303,-70.10786,44.15013,2016-10-01,0.3249544,2016,10,501.53822165331263
3831,148304,-70.10749,44.15013,2016-10-01,0.3100349,2016,10,501.53822165331263
3832,148305,-70.10711,44.15013,2016-10-01,0.3622155,2016,10,501.53822165331263
3833,148306,-70.10674,44.15013,2016-10-01,0.4648589,2016,10,501.53822165331263
3834,148307,-70.10636,44.15013,2016-10-01,0.5429907,2016,10,501.53822165331263
3835,148308,-70.10599,44.15013,2016-10-01,0.6154902,2016,10,501.53822165331263
3836,148309,-70.10561,44.15013,2016-10-01,0.7086346,2016,10,501.53822165331263
3837,148310,-70.10524,44.15013,2016-10-01,0.8484777,2016,10,501.53822165331263
3838,148311,-70.10486,44.15013,2016-10-01,0.9565638,2016,10,501.53822165331263
3839,148312,-70.10449,44.15013,2016-10-01,1.105384,2016,10,952.922621141294
3840,148313,-70.10411,44.15013,2016-10-01,1.224026,2016,10,952.922621141294
3841,148314,-70.10374,44.15013,2016-10-01,1.3922,2016,10,952.922621141294
3842,148315,-70.10336,44.15013,2016-10-01,1.497987,2016,10,952.922621141294
3843,148316,-70.10299,44.15013,2016-10-01,1.482215,2016,10,952.922621141294
3844,148317,-70.10261,44.15013,2016-10-01,1.543332,2016,10,952.922621141294
3845,148318,-70.10224,44.15013,2016-10-01,1.494526,2016,10,952.922621141294
3846,148319,-70.10186,44.15013,2016-10-01,1.614066,2016,10,952.922621141294
3847,148320,-70.10149,44.15013,2016-10-01,1.746649,2016,10,952.922621141294
3848,148321,-70.10111,44.15013,2016-10-01,1.855399,2016,10,952.922621141294
3849,148322,-70.10074,44.15013,2016-10-01,2.17867,2016,10,993.045678873559
3850,148323,-70.10036,44.15013,2016-10-01,2.350655,2016,10,993.045678873559
3851,148324,-70.09999,44.15013,2016-10-01,2.454729,2016,10,993.045678873559
3852,148325,-70.09961,44.15013,2016-10-01,2.353335,2016,10,993.045678873559
3853,148326,-70.09924,44.15013,2016-10-01,2.151819,2016,10,993.045678873559
3854,148327,-70.09886,44.15013,2016-10-01,2.056641,2016,10,993.045678873559
3855,148328,-70.09849,44.15013,2016-10-01,1.79743,2016,10,952.922621141294
3856,148329,-70.09811,44.15013,2016-10-01,1.114284,2016,10,952.922621141294
3857,148330,-70.09774,44.15013,2016-10-01,0.4806299,2016,10,501.53822165331263
3858,148331,-70.09736,44.15013,2016-10-01,0.07008027,2016,10,501.53822165331263
3859,148332,-70.09699,44.15013,2016-10-01,-0.9477649,2016,10,501.53822165331263
3860,148333,-70.11386,44.14986,2016-10-01,-0.6393815,2016,10,501.53822165331263
3861,148334,-70.11349,44.14986,2016-10-01,-0.8716212,2016,10,501.53822165331263
3862,148335,-70.11311,44.14986,2016-10-01,-1.040797,2016,10,50.15382216533126
3863,148336,-70.11274,44.14986,2016-10-01,-1.137862,2016,10,50.15382216533126
3864,148337,-70.11236,44.14986,2016-10-01,-1.182488,2016,10,50.15382216533126
3865,148338,-70.11199,44.14986,2016-10-01,-1.170566,2016,10,50.15382216533126
3866,148339,-70.11161,44.14986,2016-10-01,-1.137602,2016,10,50.15382216533126
3867,148340,-70.11124,44.14986,2016-10-01,-1.073928,2016,10,50.15382216533126
3868,148341,-70.11086,44.14986,2016-10-01,-0.9341455,2016,10,501.53822165331263
3869,148342,-70.11049,44.14986,2016-10-01,-0.8351472,2016,10,501.53822165331263
3870,148343,-70.11011,44.14986,2016-10-01,-0.7561222,2016,10,501.53822165331263
3871,148344,-70.10974,44.14986,2016-10-01,-0.6212117,2016,10,501.53822165331263
3872,148345,-70.10936,44.14986,2016-10-01,-0.4322237,2016,10,501.53822165331263
3873,148346,-70.10899,44.14986,2016-10-01,-0.1070831,2016,10,501.53822165331263
3874,148347,-70.10861,44.14986,2016-10-01,0.07834992,2016,10,501.53822165331263
3875,148348,-70.10824,44.14986,2016-10-01,0.2075809,2016,10,501.53822165331263
3876,148349,-70.10786,44.14986,2016-10-01,0.254501,2016,10,501.53822165331263
3877,148350,-70.10749,44.14986,2016-10-01,0.2941991,2016,10,501.53822165331263
3878,148351,-70.10711,44.14986,2016-10-01,0.3911127,2016,10,501.53822165331263
3879,148352,-70.10674,44.14986,2016-10-01,0.4613803,2016,10,501.53822165331263
3880,148353,-70.10636,44.14986,2016-10-01,0.5806337,2016,10,501.53822165331263
3881,148354,-70.10599,44.14986,2016-10-01,0.6243738,2016,10,501.53822165331263
3882,148355,-70.10561,44.14986,2016-10-01,0.697092,2016,10,501.53822165331263
3883,148356,-70.10524,44.14986,2016-10-01,0.8904497,2016,10,501.53822165331263
3884,148357,-70.10486,44.14986,2016-10-01,0.9578058,2016,10,501.53822165331263
3885,148358,-70.10449,44.14986,2016-10-01,1.164238,2016,10,952.922621141294
3886,148359,-70.10411,44.14986,2016-10-01,1.28549,2016,10,952.922621141294
3887,148360,-70.10374,44.14986,2016-10-01,1.49223,2016,10,952.922621141294
3888,148361,-70.10336,44.14986,2016-10-01,1.555721,2016,10,952.922621141294
3889,148362,-70.10299,44.14986,2016-10-01,1.527224,2016,10,952.922621141294
3890,148363,-70.10261,44.14986,2016-10-01,1.546704,2016,10,952.922621141294
3891,148364,-70.10224,44.14986,2016-10-01,1.622173,2016,10,952.922621141294
3892,148365,-70.10186,44.14986,2016-10-01,1.706428,2016,10,952.922621141294
3893,148366,-70.10149,44.14986,2016-10-01,1.830193,2016,10,952.922621141294
3894,148367,-70.10111,44.14986,2016-10-01,1.907532,2016,10,952.922621141294
3895,148368,-70.10074,44.14986,2016-10-01,2.188781,2016,10,993.045678873559
3896,148369,-70.10036,44.14986,2016-10-01,2.323621,2016,10,993.045678873559
3897,148370,-70.09999,44.14986,2016-10-01,2.421835,2016,10,993.045678873559
3898,148371,-70.09961,44.14986,2016-10-01,2.355259,2016,10,993.045678873559
3899,148372,-70.09924,44.14986,2016-10-01,1.975968,2016,10,993.045678873559
3900,148373,-70.09886,44.14986,2016-10-01,1.863112,2016,10,952.922621141294
3901,148374,-70.09849,44.14986,2016-10-01,1.226012,2016,10,952.922621141294
3902,148375,-70.09811,44.14986,2016-10-01,0.6325917,2016,10,501.53822165331263
3903,148376,-70.09774,44.14986,2016-10-01,0.2341025,2016,10,501.53822165331263
3904,148377,-70.11424,44.14959,2016-10-01,-0.79608,2016,10,501.53822165331263
3905,148378,-70.11386,44.14959,2016-10-01,-0.8923834,2016,10,501.53822165331263
3906,148379,-70.11349,44.14959,2016-10-01,-1.14724,2016,10,50.15382216533126
3907,148380,-70.11311,44.14959,2016-10-01,-1.244336,2016,10,50.15382216533126
3908,148381,-70.11274,44.14959,2016-10-01,-1.193938,2016,10,50.15382216533126
3909,148382,-70.11236,44.14959,2016-10-01,-1.151224,2016,10,50.15382216533126
3910,148383,-70.11199,44.14959,2016-10-01,-1.095594,2016,10,50.15382216533126
3911,148384,-70.11161,44.14959,2016-10-01,-1.075001,2016,10,50.15382216533126
3912,148385,-70.11124,44.14959,2016-10-01,-1.031127,2016,10,50.15382216533126
3913,148386,-70.11086,44.14959,2016-10-01,-0.9480759,2016,10,501.53822165331263
3914,148387,-70.11049,44.14959,2016-10-01,-0.8824182,2016,10,501.53822165331263
3915,148388,-70.11011,44.14959,2016-10-01,-0.8094991,2016,10,501.53822165331263
3916,148389,-70.10974,44.14959,2016-10-01,-0.6646549,2016,10,501.53822165331263
3917,148390,-70.10936,44.14959,2016-10-01,-0.4785488,2016,10,501.53822165331263
3918,148391,-70.10899,44.14959,2016-10-01,-0.2239065,2016,10,501.53822165331263
3919,148392,-70.10861,44.14959,2016-10-01,0.026412,2016,10,501.53822165331263
3920,148393,-70.10824,44.14959,2016-10-01,0.2478502,2016,10,501.53822165331263
3921,148394,-70.10786,44.14959,2016-10-01,0.2814641,2016,10,501.53822165331263
3922,148395,-70.10749,44.14959,2016-10-01,0.2630759,2016,10,501.53822165331263
3923,148396,-70.10711,44.14959,2016-10-01,0.3471379,2016,10,501.53822165331263
3924,148397,-70.10674,44.14959,2016-10-01,0.510853,2016,10,501.53822165331263
3925,148398,-70.10636,44.14959,2016-10-01,0.6292467,2016,10,501.53822165331263
3926,148399,-70.10599,44.14959,2016-10-01,0.7129679,2016,10,501.53822165331263
3927,148400,-70.10561,44.14959,2016-10-01,0.7495771,2016,10,501.53822165331263
3928,148401,-70.10524,44.14959,2016-10-01,0.892855,2016,10,501.53822165331263
3929,148402,-70.10486,44.14959,2016-10-01,0.9528733,2016,10,501.53822165331263
3930,148403,-70.10449,44.14959,2016-10-01,1.199824,2016,10,952.922621141294
3931,148404,-70.10411,44.14959,2016-10-01,1.348876,2016,10,952.922621141294
3932,148405,-70.10374,44.14959,2016-10-01,1.578736,2016,10,952.922621141294
3933,148406,-70.10336,44.14959,2016-10-01,1.623265,2016,10,952.922621141294
3934,148407,-70.10299,44.14959,2016-10-01,1.666879,2016,10,952.922621141294
3935,148408,-70.10261,44.14959,2016-10-01,1.662694,2016,10,952.922621141294
3936,148409,-70.10224,44.14959,2016-10-01,1.802785,2016,10,952.922621141294
3937,148410,-70.10186,44.14959,2016-10-01,1.858605,2016,10,952.922621141294
3938,148411,-70.10149,44.14959,2016-10-01,2.00841,2016,10,993.045678873559
3939,148412,-70.10111,44.14959,2016-10-01,2.023818,2016,10,993.045678873559
3940,148413,-70.10074,44.14959,2016-10-01,2.127262,2016,10,993.045678873559
3941,148414,-70.10036,44.14959,2016-10-01,2.260919,2016,10,993.045678873559
3942,148415,-70.09999,44.14959,2016-10-01,2.271031,2016,10,993.045678873559
3943,148416,-70.09961,44.14959,2016-10-01,2.228274,2016,10,993.045678873559
3944,148417,-70.09924,44.14959,2016-10-01,1.889078,2016,10,952.922621141294
3945,148418,-70.09886,44.14959,2016-10-01,1.82555,2016,10,952.922621141294
3946,148419,-70.09849,44.14959,2016-10-01,0.6815845,2016,10,501.53822165331263
3947,148420,-70.09811,44.14959,2016-10-01,0.5423609,2016,10,501.53822165331263
3948,148421,-70.09774,44.14959,2016-10-01,0.5628759,2016,10,501.53822165331263
3949,148422,-70.11424,44.14932,2016-10-01,-1.032521,2016,10,50.15382216533126
3950,148423,-70.11386,44.14932,2016-10-01,-1.068624,2016,10,50.15382216533126
3951,148424,-70.11349,44.14932,2016-10-01,-1.300272,2016,10,50.15382216533126
3952,148425,-70.11311,44.14932,2016-10-01,-1.352486,2016,10,50.15382216533126
3953,148426,-70.11274,44.14932,2016-10-01,-1.171069,2016,10,50.15382216533126
3954,148427,-70.11236,44.14932,2016-10-01,-1.059687,2016,10,50.15382216533126
3955,148428,-70.11199,44.14932,2016-10-01,-0.9659226,2016,10,501.53822165331263
3956,148429,-70.11161,44.14932,2016-10-01,-0.9943439,2016,10,501.53822165331263
3957,148430,-70.11124,44.14932,2016-10-01,-1.004274,2016,10,50.15382216533126
3958,148431,-70.11086,44.14932,2016-10-01,-0.9481688,2016,10,501.53822165331263
3959,148432,-70.11049,44.14932,2016-10-01,-0.8787692,2016,10,501.53822165331263
3960,148433,-70.11011,44.14932,2016-10-01,-0.753197,2016,10,501.53822165331263
3961,148434,-70.10974,44.14932,2016-10-01,-0.6210991,2016,10,501.53822165331263
3962,148435,-70.10936,44.14932,2016-10-01,-0.4503773,2016,10,501.53822165331263
3963,148436,-70.10899,44.14932,2016-10-01,-0.2122192,2016,10,501.53822165331263
3964,148437,-70.10861,44.14932,2016-10-01,0.0124504,2016,10,501.53822165331263
3965,148438,-70.10824,44.14932,2016-10-01,0.1579463,2016,10,501.53822165331263
3966,148439,-70.10786,44.14932,2016-10-01,0.2172547,2016,10,501.53822165331263
3967,148440,-70.10749,44.14932,2016-10-01,0.294536,2016,10,501.53822165331263
3968,148441,-70.10711,44.14932,2016-10-01,0.3316682,2016,10,501.53822165331263
3969,148442,-70.10674,44.14932,2016-10-01,0.4348409,2016,10,501.53822165331263
3970,148443,-70.10636,44.14932,2016-10-01,0.5044085,2016,10,501.53822165331263
3971,148444,-70.10599,44.14932,2016-10-01,0.6205545,2016,10,501.53822165331263
3972,148445,-70.10561,44.14932,2016-10-01,0.7064937,2016,10,501.53822165331263
3973,148446,-70.10524,44.14932,2016-10-01,0.8898908,2016,10,501.53822165331263
3974,148447,-70.10486,44.14932,2016-10-01,1.03646,2016,10,952.922621141294
3975,148448,-70.10449,44.14932,2016-10-01,1.270899,2016,10,952.922621141294
3976,148449,-70.10411,44.14932,2016-10-01,1.423302,2016,10,952.922621141294
3977,148450,-70.10374,44.14932,2016-10-01,1.635745,2016,10,952.922621141294
3978,148451,-70.10336,44.14932,2016-10-01,1.736401,2016,10,952.922621141294
3979,148452,-70.10299,44.14932,2016-10-01,1.781907,2016,10,952.922621141294
3980,148453,-70.10261,44.14932,2016-10-01,1.752383,2016,10,952.922621141294
3981,148454,-70.10224,44.14932,2016-10-01,1.888824,2016,10,952.922621141294
3982,148455,-70.10186,44.14932,2016-10-01,1.932513,2016,10,952.922621141294
3983,148456,-70.10149,44.14932,2016-10-01,2.001478,2016,10,993.045678873559
3984,148457,-70.10111,44.14932,2016-10-01,1.998566,2016,10,993.045678873559
3985,148458,-70.10074,44.14932,2016-10-01,2.043903,2016,10,993.045678873559
3986,148459,-70.10036,44.14932,2016-10-01,2.20463,2016,10,993.045678873559
3987,148460,-70.09999,44.14932,2016-10-01,2.251461,2016,10,993.045678873559
3988,148461,-70.09961,44.14932,2016-10-01,2.210987,2016,10,993.045678873559
3989,148462,-70.09924,44.14932,2016-10-01,1.952046,2016,10,952.922621141294
3990,148463,-70.09886,44.14932,2016-10-01,1.722862,2016,10,952.922621141294
3991,148464,-70.09849,44.14932,2016-10-01,0.4200827,2016,10,501.53822165331263
3992,148465,-70.09811,44.14932,2016-10-01,0.563378,2016,10,501.53822165331263
3993,148466,-70.11424,44.14905,2016-10-01,-1.158166,2016,10,50.15382216533126
3994,148467,-70.11386,44.14905,2016-10-01,-1.194437,2016,10,50.15382216533126
3995,148468,-70.11349,44.14905,2016-10-01,-1.359084,2016,10,50.15382216533126
3996,148469,-70.11311,44.14905,2016-10-01,-1.328225,2016,10,50.15382216533126
3997,148470,-70.11274,44.14905,2016-10-01,-1.090912,2016,10,50.15382216533126
3998,148471,-70.11236,44.14905,2016-10-01,-0.9733954,2016,10,501.53822165331263
3999,148472,-70.11199,44.14905,2016-10-01,-0.8631023,2016,10,501.53822165331263
4000,148473,-70.11161,44.14905,2016-10-01,-0.8953589,2016,10,501.53822165331263
4001,148474,-70.11124,44.14905,2016-10-01,-0.8792692,2016,10,501.53822165331263
4002,148475,-70.11086,44.14905,2016-10-01,-0.898898,2016,10,501.53822165331263
4003,148476,-70.11049,44.14905,2016-10-01,-0.8938323,2016,10,501.53822165331263
4004,148477,-70.11011,44.14905,2016-10-01,-0.7738097,2016,10,501.53822165331263
4005,148478,-70.10974,44.14905,2016-10-01,-0.6379491,2016,10,501.53822165331263
4006,148479,-70.10936,44.14905,2016-10-01,-0.4144759,2016,10,501.53822165331263
4007,148480,-70.10899,44.14905,2016-10-01,-0.2341614,2016,10,501.53822165331263
4008,148481,-70.10861,44.14905,2016-10-01,-0.0142413,2016,10,501.53822165331263
4009,148482,-70.10824,44.14905,2016-10-01,0.2009729,2016,10,501.53822165331263
4010,148483,-70.10786,44.14905,2016-10-01,0.3228216,2016,10,501.53822165331263
4011,148484,-70.10749,44.14905,2016-10-01,0.3840994,2016,10,501.53822165331263
4012,148485,-70.10711,44.14905,2016-10-01,0.3564312,2016,10,501.53822165331263
4013,148486,-70.10674,44.14905,2016-10-01,0.4035397,2016,10,501.53822165331263
4014,148487,-70.10636,44.14905,2016-10-01,0.4881118,2016,10,501.53822165331263
4015,148488,-70.10599,44.14905,2016-10-01,0.6071079,2016,10,501.53822165331263
4016,148489,-70.10561,44.14905,2016-10-01,0.7652542,2016,10,501.53822165331263
4017,148490,-70.10524,44.14905,2016-10-01,1.013007,2016,10,952.922621141294
4018,148491,-70.10486,44.14905,2016-10-01,1.187092,2016,10,952.922621141294
4019,148492,-70.10449,44.14905,2016-10-01,1.338837,2016,10,952.922621141294
4020,148493,-70.10411,44.14905,2016-10-01,1.506018,2016,10,952.922621141294
4021,148494,-70.10374,44.14905,2016-10-01,1.694994,2016,10,952.922621141294
4022,148495,-70.10336,44.14905,2016-10-01,1.781953,2016,10,952.922621141294
4023,148496,-70.10299,44.14905,2016-10-01,1.864699,2016,10,952.922621141294
4024,148497,-70.10261,44.14905,2016-10-01,1.876536,2016,10,952.922621141294
4025,148498,-70.10224,44.14905,2016-10-01,1.974324,2016,10,993.045678873559
4026,148499,-70.10186,44.14905,2016-10-01,1.9967,2016,10,993.045678873559
4027,148500,-70.10149,44.14905,2016-10-01,1.979643,2016,10,993.045678873559
4028,148501,-70.10111,44.14905,2016-10-01,1.953302,2016,10,952.922621141294
4029,148502,-70.10074,44.14905,2016-10-01,1.974765,2016,10,993.045678873559
4030,148503,-70.10036,44.14905,2016-10-01,2.073801,2016,10,993.045678873559
4031,148504,-70.09999,44.14905,2016-10-01,2.210323,2016,10,993.045678873559
4032,148505,-70.09961,44.14905,2016-10-01,2.175657,2016,10,993.045678873559
4033,148506,-70.09924,44.14905,2016-10-01,1.978422,2016,10,993.045678873559
4034,148507,-70.09886,44.14905,2016-10-01,1.577893,2016,10,952.922621141294
4035,148508,-70.09849,44.14905,2016-10-01,1.50938,2016,10,952.922621141294
4036,148509,-70.11424,44.14878,2016-10-01,-1.149725,2016,10,50.15382216533126
4037,148510,-70.11386,44.14878,2016-10-01,-1.101729,2016,10,50.15382216533126
4038,148511,-70.11349,44.14878,2016-10-01,-1.228242,2016,10,50.15382216533126
4039,148512,-70.11311,44.14878,2016-10-01,-1.170859,2016,10,50.15382216533126
4040,148513,-70.11274,44.14878,2016-10-01,-0.9743143,2016,10,501.53822165331263
4041,148514,-70.11236,44.14878,2016-10-01,-0.8412963,2016,10,501.53822165331263
4042,148515,-70.11199,44.14878,2016-10-01,-0.7516034,2016,10,501.53822165331263
4043,148516,-70.11161,44.14878,2016-10-01,-0.7893509,2016,10,501.53822165331263
4044,148517,-70.11124,44.14878,2016-10-01,-0.8039966,2016,10,501.53822165331263
4045,148518,-70.11086,44.14878,2016-10-01,-0.9142667,2016,10,501.53822165331263
4046,148519,-70.11049,44.14878,2016-10-01,-0.8944008,2016,10,501.53822165331263
4047,148520,-70.11011,44.14878,2016-10-01,-0.7678917,2016,10,501.53822165331263
4048,148521,-70.10974,44.14878,2016-10-01,-0.6083437,2016,10,501.53822165331263
4049,148522,-70.10936,44.14878,2016-10-01,-0.4051096,2016,10,501.53822165331263
4050,148523,-70.10899,44.14878,2016-10-01,-0.2031806,2016,10,501.53822165331263
4051,148524,-70.10861,44.14878,2016-10-01,0.04707077,2016,10,501.53822165331263
4052,148525,-70.10824,44.14878,2016-10-01,0.2496082,2016,10,501.53822165331263
4053,148526,-70.10786,44.14878,2016-10-01,0.3474495,2016,10,501.53822165331263
4054,148527,-70.10749,44.14878,2016-10-01,0.4144863,2016,10,501.53822165331263
4055,148528,-70.10711,44.14878,2016-10-01,0.4069091,2016,10,501.53822165331263
4056,148529,-70.10674,44.14878,2016-10-01,0.4477436,2016,10,501.53822165331263
4057,148530,-70.10636,44.14878,2016-10-01,0.4742993,2016,10,501.53822165331263
4058,148531,-70.10599,44.14878,2016-10-01,0.6197131,2016,10,501.53822165331263
4059,148532,-70.10561,44.14878,2016-10-01,0.8282879,2016,10,501.53822165331263
4060,148533,-70.10524,44.14878,2016-10-01,1.068567,2016,10,952.922621141294
4061,148534,-70.10486,44.14878,2016-10-01,1.272974,2016,10,952.922621141294
4062,148535,-70.10449,44.14878,2016-10-01,1.404562,2016,10,952.922621141294
4063,148536,-70.10411,44.14878,2016-10-01,1.522502,2016,10,952.922621141294
4064,148537,-70.10374,44.14878,2016-10-01,1.715044,2016,10,952.922621141294
4065,148538,-70.10336,44.14878,2016-10-01,1.870235,2016,10,952.922621141294
4066,148539,-70.10299,44.14878,2016-10-01,2.010142,2016,10,993.045678873559
4067,148540,-70.10261,44.14878,2016-10-01,1.990577,2016,10,993.045678873559
4068,148541,-70.10224,44.14878,2016-10-01,1.975632,2016,10,993.045678873559
4069,148542,-70.10186,44.14878,2016-10-01,1.960143,2016,10,993.045678873559
4070,148543,-70.10149,44.14878,2016-10-01,1.869206,2016,10,952.922621141294
4071,148544,-70.10111,44.14878,2016-10-01,1.939309,2016,10,952.922621141294
4072,148545,-70.10074,44.14878,2016-10-01,2.018251,2016,10,993.045678873559
4073,148546,-70.10036,44.14878,2016-10-01,2.131025,2016,10,993.045678873559
4074,148547,-70.09999,44.14878,2016-10-01,2.270219,2016,10,993.045678873559
4075,148548,-70.09961,44.14878,2016-10-01,2.135588,2016,10,993.045678873559
4076,148549,-70.09924,44.14878,2016-10-01,1.956741,2016,10,952.922621141294
4077,148550,-70.09886,44.14878,2016-10-01,1.610097,2016,10,952.922621141294
4078,148551,-70.09849,44.14878,2016-10-01,1.841514,2016,10,952.922621141294
4079,148552,-70.09811,44.14878,2016-10-01,1.98825,2016,10,993.045678873559
4080,148553,-70.11424,44.14851,2016-10-01,-1.024085,2016,10,50.15382216533126
4081,148554,-70.11386,44.14851,2016-10-01,-1.002328,2016,10,50.15382216533126
4082,148555,-70.11349,44.14851,2016-10-01,-1.152327,2016,10,50.15382216533126
4083,148556,-70.11311,44.14851,2016-10-01,-1.052911,2016,10,50.15382216533126
4084,148557,-70.11274,44.14851,2016-10-01,-0.9100964,2016,10,501.53822165331263
4085,148558,-70.11236,44.14851,2016-10-01,-0.7734748,2016,10,501.53822165331263
4086,148559,-70.11199,44.14851,2016-10-01,-0.7321278,2016,10,501.53822165331263
4087,148560,-70.11161,44.14851,2016-10-01,-0.7668308,2016,10,501.53822165331263
4088,148561,-70.11124,44.14851,2016-10-01,-0.7820628,2016,10,501.53822165331263
4089,148562,-70.11086,44.14851,2016-10-01,-0.87906,2016,10,501.53822165331263
4090,148563,-70.11049,44.14851,2016-10-01,-0.8374293,2016,10,501.53822165331263
4091,148564,-70.11011,44.14851,2016-10-01,-0.7414451,2016,10,501.53822165331263
4092,148565,-70.10974,44.14851,2016-10-01,-0.5415261,2016,10,501.53822165331263
4093,148566,-70.10936,44.14851,2016-10-01,-0.3408114,2016,10,501.53822165331263
4094,148567,-70.10899,44.14851,2016-10-01,-0.122451,2016,10,501.53822165331263
4095,148568,-70.10861,44.14851,2016-10-01,0.04280503,2016,10,501.53822165331263
4096,148569,-70.10824,44.14851,2016-10-01,0.2310097,2016,10,501.53822165331263
4097,148570,-70.10786,44.14851,2016-10-01,0.3953837,2016,10,501.53822165331263
4098,148571,-70.10749,44.14851,2016-10-01,0.4173032,2016,10,501.53822165331263
4099,148572,-70.10711,44.14851,2016-10-01,0.4128089,2016,10,501.53822165331263
4100,148573,-70.10674,44.14851,2016-10-01,0.4652795,2016,10,501.53822165331263
4101,148574,-70.10636,44.14851,2016-10-01,0.5676115,2016,10,501.53822165331263
4102,148575,-70.10599,44.14851,2016-10-01,0.7761712,2016,10,501.53822165331263
4103,148576,-70.10561,44.14851,2016-10-01,0.9783724,2016,10,501.53822165331263
4104,148577,-70.10524,44.14851,2016-10-01,1.168329,2016,10,952.922621141294
4105,148578,-70.10486,44.14851,2016-10-01,1.357249,2016,10,952.922621141294
4106,148579,-70.10449,44.14851,2016-10-01,1.508522,2016,10,952.922621141294
4107,148580,-70.10411,44.14851,2016-10-01,1.659866,2016,10,952.922621141294
4108,148581,-70.10374,44.14851,2016-10-01,1.83238,2016,10,952.922621141294
4109,148582,-70.10336,44.14851,2016-10-01,1.883925,2016,10,952.922621141294
4110,148583,-70.10299,44.14851,2016-10-01,1.917668,2016,10,952.922621141294
4111,148584,-70.10261,44.14851,2016-10-01,1.972038,2016,10,993.045678873559
4112,148585,-70.10224,44.14851,2016-10-01,1.939774,2016,10,952.922621141294
4113,148586,-70.10186,44.14851,2016-10-01,1.980271,2016,10,993.045678873559
4114,148587,-70.10149,44.14851,2016-10-01,1.83518,2016,10,952.922621141294
4115,148588,-70.10111,44.14851,2016-10-01,1.881144,2016,10,952.922621141294
4116,148589,-70.10074,44.14851,2016-10-01,1.936497,2016,10,952.922621141294
4117,148590,-70.10036,44.14851,2016-10-01,2.125911,2016,10,993.045678873559
4118,148591,-70.09999,44.14851,2016-10-01,2.25657,2016,10,993.045678873559
4119,148592,-70.09961,44.14851,2016-10-01,2.191016,2016,10,993.045678873559
4120,148593,-70.09924,44.14851,2016-10-01,1.999004,2016,10,993.045678873559
4121,148594,-70.09886,44.14851,2016-10-01,1.714069,2016,10,952.922621141294
4122,148595,-70.09849,44.14851,2016-10-01,2.022926,2016,10,993.045678873559
4123,148596,-70.09811,44.14851,2016-10-01,1.927072,2016,10,952.922621141294
4124,148597,-70.09774,44.14851,2016-10-01,1.843427,2016,10,952.922621141294
4125,148598,-70.11424,44.14824,2016-10-01,-1.01202,2016,10,50.15382216533126
4126,148599,-70.11386,44.14824,2016-10-01,-1.030766,2016,10,50.15382216533126
4127,148600,-70.11349,44.14824,2016-10-01,-1.203439,2016,10,50.15382216533126
4128,148601,-70.11311,44.14824,2016-10-01,-1.03124,2016,10,50.15382216533126
4129,148602,-70.11274,44.14824,2016-10-01,-0.8720239,2016,10,501.53822165331263
4130,148603,-70.11236,44.14824,2016-10-01,-0.7238769,2016,10,501.53822165331263
4131,148604,-70.11199,44.14824,2016-10-01,-0.6832152,2016,10,501.53822165331263
4132,148605,-70.11161,44.14824,2016-10-01,-0.7389936,2016,10,501.53822165331263
4133,148606,-70.11124,44.14824,2016-10-01,-0.7679514,2016,10,501.53822165331263
4134,148607,-70.11086,44.14824,2016-10-01,-0.844058,2016,10,501.53822165331263
4135,148608,-70.11049,44.14824,2016-10-01,-0.7919665,2016,10,501.53822165331263
4136,148609,-70.11011,44.14824,2016-10-01,-0.7107781,2016,10,501.53822165331263
4137,148610,-70.10974,44.14824,2016-10-01,-0.5567601,2016,10,501.53822165331263
4138,148611,-70.10936,44.14824,2016-10-01,-0.3939478,2016,10,501.53822165331263
4139,148612,-70.10899,44.14824,2016-10-01,-0.1471581,2016,10,501.53822165331263
4140,148613,-70.10861,44.14824,2016-10-01,0.06465137,2016,10,501.53822165331263
4141,148614,-70.10824,44.14824,2016-10-01,0.2277657,2016,10,501.53822165331263
4142,148615,-70.10786,44.14824,2016-10-01,0.3655347,2016,10,501.53822165331263
4143,148616,-70.10749,44.14824,2016-10-01,0.3940422,2016,10,501.53822165331263
4144,148617,-70.10711,44.14824,2016-10-01,0.4438658,2016,10,501.53822165331263
4145,148618,-70.10674,44.14824,2016-10-01,0.5021941,2016,10,501.53822165331263
4146,148619,-70.10636,44.14824,2016-10-01,0.6364405,2016,10,501.53822165331263
4147,148620,-70.10599,44.14824,2016-10-01,0.8344255,2016,10,501.53822165331263
4148,148621,-70.10561,44.14824,2016-10-01,1.074331,2016,10,952.922621141294
4149,148622,-70.10524,44.14824,2016-10-01,1.225927,2016,10,952.922621141294
4150,148623,-70.10486,44.14824,2016-10-01,1.390971,2016,10,952.922621141294
4151,148624,-70.10449,44.14824,2016-10-01,1.566384,2016,10,952.922621141294
4152,148625,-70.10411,44.14824,2016-10-01,1.712575,2016,10,952.922621141294
4153,148626,-70.10374,44.14824,2016-10-01,1.807094,2016,10,952.922621141294
4154,148627,-70.10336,44.14824,2016-10-01,1.861818,2016,10,952.922621141294
4155,148628,-70.10299,44.14824,2016-10-01,1.841411,2016,10,952.922621141294
4156,148629,-70.10261,44.14824,2016-10-01,1.895787,2016,10,952.922621141294
4157,148630,-70.10224,44.14824,2016-10-01,1.803519,2016,10,952.922621141294
4158,148631,-70.10186,44.14824,2016-10-01,1.807781,2016,10,952.922621141294
4159,148632,-70.10149,44.14824,2016-10-01,1.740269,2016,10,952.922621141294
4160,148633,-70.10111,44.14824,2016-10-01,1.882558,2016,10,952.922621141294
4161,148634,-70.10074,44.14824,2016-10-01,2.014979,2016,10,993.045678873559
4162,148635,-70.10036,44.14824,2016-10-01,2.228927,2016,10,993.045678873559
4163,148636,-70.09999,44.14824,2016-10-01,2.304256,2016,10,993.045678873559
4164,148637,-70.09961,44.14824,2016-10-01,2.293261,2016,10,993.045678873559
4165,148638,-70.09924,44.14824,2016-10-01,2.062894,2016,10,993.045678873559
4166,148639,-70.09886,44.14824,2016-10-01,1.858977,2016,10,952.922621141294
4167,148640,-70.09849,44.14824,2016-10-01,2.559954,2016,10,993.045678873559
4168,148641,-70.09811,44.14824,2016-10-01,2.187632,2016,10,993.045678873559
4169,148642,-70.09774,44.14824,2016-10-01,2.18287,2016,10,993.045678873559
4170,148643,-70.11424,44.14797,2016-10-01,-1.485352,2016,10,50.15382216533126
4171,148644,-70.11386,44.14797,2016-10-01,-1.764075,2016,10,50.15382216533126
4172,148645,-70.11349,44.14797,2016-10-01,-1.90255,2016,10,50.15382216533126
4173,148646,-70.11311,44.14797,2016-10-01,-1.424298,2016,10,50.15382216533126
4174,148647,-70.11274,44.14797,2016-10-01,-0.9682133,2016,10,501.53822165331263
4175,148648,-70.11236,44.14797,2016-10-01,-0.7626973,2016,10,501.53822165331263
4176,148649,-70.11199,44.14797,2016-10-01,-0.7147363,2016,10,501.53822165331263
4177,148650,-70.11161,44.14797,2016-10-01,-0.7891395,2016,10,501.53822165331263
4178,148651,-70.11124,44.14797,2016-10-01,-0.7773852,2016,10,501.53822165331263
4179,148652,-70.11086,44.14797,2016-10-01,-0.7682199,2016,10,501.53822165331263
4180,148653,-70.11049,44.14797,2016-10-01,-0.6758682,2016,10,501.53822165331263
4181,148654,-70.11011,44.14797,2016-10-01,-0.5618761,2016,10,501.53822165331263
4182,148655,-70.10974,44.14797,2016-10-01,-0.3832655,2016,10,501.53822165331263
4183,148656,-70.10936,44.14797,2016-10-01,-0.2399913,2016,10,501.53822165331263
4184,148657,-70.10899,44.14797,2016-10-01,-0.04567738,2016,10,501.53822165331263
4185,148658,-70.10861,44.14797,2016-10-01,0.08299913,2016,10,501.53822165331263
4186,148659,-70.10824,44.14797,2016-10-01,0.2464861,2016,10,501.53822165331263
4187,148660,-70.10786,44.14797,2016-10-01,0.4158983,2016,10,501.53822165331263
4188,148661,-70.10749,44.14797,2016-10-01,0.5068508,2016,10,501.53822165331263
4189,148662,-70.10711,44.14797,2016-10-01,0.4950916,2016,10,501.53822165331263
4190,148663,-70.10674,44.14797,2016-10-01,0.5683975,2016,10,501.53822165331263
4191,148664,-70.10636,44.14797,2016-10-01,0.7329682,2016,10,501.53822165331263
4192,148665,-70.10599,44.14797,2016-10-01,0.9641306,2016,10,501.53822165331263
4193,148666,-70.10561,44.14797,2016-10-01,1.170364,2016,10,952.922621141294
4194,148667,-70.10524,44.14797,2016-10-01,1.257432,2016,10,952.922621141294
4195,148668,-70.10486,44.14797,2016-10-01,1.432013,2016,10,952.922621141294
4196,148669,-70.10449,44.14797,2016-10-01,1.608834,2016,10,952.922621141294
4197,148670,-70.10411,44.14797,2016-10-01,1.751181,2016,10,952.922621141294
4198,148671,-70.10374,44.14797,2016-10-01,1.803463,2016,10,952.922621141294
4199,148672,-70.10336,44.14797,2016-10-01,1.753976,2016,10,952.922621141294
4200,148673,-70.10299,44.14797,2016-10-01,1.64709,2016,10,952.922621141294
4201,148674,-70.10261,44.14797,2016-10-01,1.675721,2016,10,952.922621141294
4202,148675,-70.10224,44.14797,2016-10-01,1.640076,2016,10,952.922621141294
4203,148676,-70.10186,44.14797,2016-10-01,1.689809,2016,10,952.922621141294
4204,148677,-70.10149,44.14797,2016-10-01,1.650708,2016,10,952.922621141294
4205,148678,-70.10111,44.14797,2016-10-01,1.781892,2016,10,952.922621141294
4206,148679,-70.10074,44.14797,2016-10-01,1.984056,2016,10,993.045678873559
4207,148680,-70.10036,44.14797,2016-10-01,2.271626,2016,10,993.045678873559
4208,148681,-70.09999,44.14797,2016-10-01,2.456404,2016,10,993.045678873559
4209,148682,-70.09961,44.14797,2016-10-01,2.491457,2016,10,993.045678873559
4210,148683,-70.09924,44.14797,2016-10-01,2.260022,2016,10,993.045678873559
4211,148684,-70.09886,44.14797,2016-10-01,2.066308,2016,10,993.045678873559
4212,148685,-70.09849,44.14797,2016-10-01,2.884912,2016,10,993.045678873559
4213,148686,-70.09811,44.14797,2016-10-01,2.720816,2016,10,993.045678873559
4214,148687,-70.09774,44.14797,2016-10-01,2.569361,2016,10,993.045678873559
4215,148688,-70.11424,44.1477,2016-10-01,-1.779676,2016,10,50.15382216533126
4216,148689,-70.11386,44.1477,2016-10-01,-1.620292,2016,10,50.15382216533126
4217,148690,-70.11349,44.1477,2016-10-01,-1.856449,2016,10,50.15382216533126
4218,148691,-70.11311,44.1477,2016-10-01,-1.512542,2016,10,50.15382216533126
4219,148692,-70.11274,44.1477,2016-10-01,-1.078123,2016,10,50.15382216533126
4220,148693,-70.11236,44.1477,2016-10-01,-0.804843,2016,10,501.53822165331263
4221,148694,-70.11199,44.1477,2016-10-01,-0.784656,2016,10,501.53822165331263
4222,148695,-70.11161,44.1477,2016-10-01,-0.8429255,2016,10,501.53822165331263
4223,148696,-70.11124,44.1477,2016-10-01,-0.8437516,2016,10,501.53822165331263
4224,148697,-70.11086,44.1477,2016-10-01,-0.7532623,2016,10,501.53822165331263
4225,148698,-70.11049,44.1477,2016-10-01,-0.6039259,2016,10,501.53822165331263
4226,148699,-70.11011,44.1477,2016-10-01,-0.4873469,2016,10,501.53822165331263
4227,148700,-70.10974,44.1477,2016-10-01,-0.3427293,2016,10,501.53822165331263
4228,148701,-70.10936,44.1477,2016-10-01,-0.2695716,2016,10,501.53822165331263
4229,148702,-70.10899,44.1477,2016-10-01,-0.07123,2016,10,501.53822165331263
4230,148703,-70.10861,44.1477,2016-10-01,0.1271401,2016,10,501.53822165331263
4231,148704,-70.10824,44.1477,2016-10-01,0.3260516,2016,10,501.53822165331263
4232,148705,-70.10786,44.1477,2016-10-01,0.4476396,2016,10,501.53822165331263
4233,148706,-70.10749,44.1477,2016-10-01,0.5030854,2016,10,501.53822165331263
4234,148707,-70.10711,44.1477,2016-10-01,0.5023528,2016,10,501.53822165331263
4235,148708,-70.10674,44.1477,2016-10-01,0.5712824,2016,10,501.53822165331263
4236,148709,-70.10636,44.1477,2016-10-01,0.7421743,2016,10,501.53822165331263
4237,148710,-70.10599,44.1477,2016-10-01,1.00257,2016,10,952.922621141294
4238,148711,-70.10561,44.1477,2016-10-01,1.246458,2016,10,952.922621141294
4239,148712,-70.10524,44.1477,2016-10-01,1.337779,2016,10,952.922621141294
4240,148713,-70.10486,44.1477,2016-10-01,1.439772,2016,10,952.922621141294
4241,148714,-70.10449,44.1477,2016-10-01,1.563207,2016,10,952.922621141294
4242,148715,-70.10411,44.1477,2016-10-01,1.670514,2016,10,952.922621141294
4243,148716,-70.10374,44.1477,2016-10-01,1.69238,2016,10,952.922621141294
4244,148717,-70.10336,44.1477,2016-10-01,1.613121,2016,10,952.922621141294
4245,148718,-70.10299,44.1477,2016-10-01,1.5016,2016,10,952.922621141294
4246,148719,-70.10261,44.1477,2016-10-01,1.444223,2016,10,952.922621141294
4247,148720,-70.10224,44.1477,2016-10-01,1.414274,2016,10,952.922621141294
4248,148721,-70.10186,44.1477,2016-10-01,1.488453,2016,10,952.922621141294
4249,148722,-70.10149,44.1477,2016-10-01,1.560912,2016,10,952.922621141294
4250,148723,-70.10111,44.1477,2016-10-01,1.768069,2016,10,952.922621141294
4251,148724,-70.10074,44.1477,2016-10-01,2.016009,2016,10,993.045678873559
4252,148725,-70.10036,44.1477,2016-10-01,2.329298,2016,10,993.045678873559
4253,148726,-70.09999,44.1477,2016-10-01,2.55501,2016,10,993.045678873559
4254,148727,-70.09961,44.1477,2016-10-01,2.567679,2016,10,993.045678873559
4255,148728,-70.09924,44.1477,2016-10-01,2.30173,2016,10,993.045678873559
4256,148729,-70.09886,44.1477,2016-10-01,2.102477,2016,10,993.045678873559
4257,148730,-70.09849,44.1477,2016-10-01,2.664904,2016,10,993.045678873559
4258,148731,-70.09811,44.1477,2016-10-01,2.428181,2016,10,993.045678873559
4259,148732,-70.09774,44.1477,2016-10-01,2.296359,2016,10,993.045678873559
4260,148733,-70.11349,44.14743,2016-10-01,-1.796794,2016,10,50.15382216533126
4261,148734,-70.11311,44.14743,2016-10-01,-1.642715,2016,10,50.15382216533126
4262,148735,-70.11274,44.14743,2016-10-01,-1.37246,2016,10,50.15382216533126
4263,148736,-70.11236,44.14743,2016-10-01,-1.001994,2016,10,50.15382216533126
4264,148737,-70.11199,44.14743,2016-10-01,-0.8816768,2016,10,501.53822165331263
4265,148738,-70.11161,44.14743,2016-10-01,-0.8449362,2016,10,501.53822165331263
4266,148739,-70.11124,44.14743,2016-10-01,-0.8468459,2016,10,501.53822165331263
4267,148740,-70.11086,44.14743,2016-10-01,-0.7178388,2016,10,501.53822165331263
4268,148741,-70.11049,44.14743,2016-10-01,-0.5324486,2016,10,501.53822165331263
4269,148742,-70.11011,44.14743,2016-10-01,-0.4024017,2016,10,501.53822165331263
4270,148743,-70.10974,44.14743,2016-10-01,-0.2137721,2016,10,501.53822165331263
4271,148744,-70.10936,44.14743,2016-10-01,-0.08472989,2016,10,501.53822165331263
4272,148745,-70.10899,44.14743,2016-10-01,0.07981415,2016,10,501.53822165331263
4273,148746,-70.10861,44.14743,2016-10-01,0.2322925,2016,10,501.53822165331263
4274,148747,-70.10824,44.14743,2016-10-01,0.3661462,2016,10,501.53822165331263
4275,148748,-70.10786,44.14743,2016-10-01,0.5442853,2016,10,501.53822165331263
4276,148749,-70.10749,44.14743,2016-10-01,0.678492,2016,10,501.53822165331263
4277,148750,-70.10711,44.14743,2016-10-01,0.6796111,2016,10,501.53822165331263
4278,148751,-70.10674,44.14743,2016-10-01,0.6540317,2016,10,501.53822165331263
4279,148752,-70.10636,44.14743,2016-10-01,0.8157448,2016,10,501.53822165331263
4280,148753,-70.10599,44.14743,2016-10-01,0.9930644,2016,10,501.53822165331263
4281,148754,-70.10561,44.14743,2016-10-01,1.200903,2016,10,952.922621141294
4282,148755,-70.10524,44.14743,2016-10-01,1.294978,2016,10,952.922621141294
4283,148756,-70.10486,44.14743,2016-10-01,1.365962,2016,10,952.922621141294
4284,148757,-70.10449,44.14743,2016-10-01,1.454471,2016,10,952.922621141294
4285,148758,-70.10411,44.14743,2016-10-01,1.579286,2016,10,952.922621141294
4286,148759,-70.10374,44.14743,2016-10-01,1.647045,2016,10,952.922621141294
4287,148760,-70.10336,44.14743,2016-10-01,1.548889,2016,10,952.922621141294
4288,148761,-70.10299,44.14743,2016-10-01,1.423299,2016,10,952.922621141294
4289,148762,-70.10261,44.14743,2016-10-01,1.295889,2016,10,952.922621141294
4290,148763,-70.10224,44.14743,2016-10-01,1.259743,2016,10,952.922621141294
4291,148764,-70.10186,44.14743,2016-10-01,1.289858,2016,10,952.922621141294
4292,148765,-70.10149,44.14743,2016-10-01,1.381872,2016,10,952.922621141294
4293,148766,-70.10111,44.14743,2016-10-01,1.532424,2016,10,952.922621141294
4294,148767,-70.10074,44.14743,2016-10-01,1.845215,2016,10,952.922621141294
4295,148768,-70.10036,44.14743,2016-10-01,2.24116,2016,10,993.045678873559
4296,148769,-70.09999,44.14743,2016-10-01,2.478278,2016,10,993.045678873559
4297,148770,-70.09961,44.14743,2016-10-01,2.538916,2016,10,993.045678873559
4298,148771,-70.09924,44.14743,2016-10-01,2.257978,2016,10,993.045678873559
4299,148772,-70.09886,44.14743,2016-10-01,2.028957,2016,10,993.045678873559
4300,148773,-70.09849,44.14743,2016-10-01,2.334869,2016,10,993.045678873559
4301,148774,-70.09811,44.14743,2016-10-01,2.117974,2016,10,993.045678873559
4302,148775,-70.09774,44.14743,2016-10-01,1.949852,2016,10,952.922621141294
4303,148776,-70.11311,44.14716,2016-10-01,-1.144703,2016,10,50.15382216533126
4304,148777,-70.11274,44.14716,2016-10-01,-1.121638,2016,10,50.15382216533126
4305,148778,-70.11236,44.14716,2016-10-01,-0.9320509,2016,10,501.53822165331263
4306,148779,-70.11199,44.14716,2016-10-01,-0.8735644,2016,10,501.53822165331263
4307,148780,-70.11161,44.14716,2016-10-01,-0.8902222,2016,10,501.53822165331263
4308,148781,-70.11124,44.14716,2016-10-01,-0.9037333,2016,10,501.53822165331263
4309,148782,-70.11086,44.14716,2016-10-01,-0.764177,2016,10,501.53822165331263
4310,148783,-70.11049,44.14716,2016-10-01,-0.4758205,2016,10,501.53822165331263
4311,148784,-70.11011,44.14716,2016-10-01,-0.2704521,2016,10,501.53822165331263
4312,148785,-70.10974,44.14716,2016-10-01,-0.07919697,2016,10,501.53822165331263
4313,148786,-70.10936,44.14716,2016-10-01,0.063541,2016,10,501.53822165331263
4314,148787,-70.10899,44.14716,2016-10-01,0.1731912,2016,10,501.53822165331263
4315,148788,-70.10861,44.14716,2016-10-01,0.3407391,2016,10,501.53822165331263
4316,148789,-70.10824,44.14716,2016-10-01,0.5046737,2016,10,501.53822165331263
4317,148790,-70.10786,44.14716,2016-10-01,0.6057465,2016,10,501.53822165331263
4318,148791,-70.10749,44.14716,2016-10-01,0.6720233,2016,10,501.53822165331263
4319,148792,-70.10711,44.14716,2016-10-01,0.7334069,2016,10,501.53822165331263
4320,148793,-70.10674,44.14716,2016-10-01,0.7702638,2016,10,501.53822165331263
4321,148794,-70.10636,44.14716,2016-10-01,0.8796186,2016,10,501.53822165331263
4322,148795,-70.10599,44.14716,2016-10-01,1.041507,2016,10,952.922621141294
4323,148796,-70.10561,44.14716,2016-10-01,1.211302,2016,10,952.922621141294
4324,148797,-70.10524,44.14716,2016-10-01,1.308645,2016,10,952.922621141294
4325,148798,-70.10486,44.14716,2016-10-01,1.364131,2016,10,952.922621141294
4326,148799,-70.10449,44.14716,2016-10-01,1.478305,2016,10,952.922621141294
4327,148800,-70.10411,44.14716,2016-10-01,1.52128,2016,10,952.922621141294
4328,148801,-70.10374,44.14716,2016-10-01,1.552085,2016,10,952.922621141294
4329,148802,-70.10336,44.14716,2016-10-01,1.412612,2016,10,952.922621141294
4330,148803,-70.10299,44.14716,2016-10-01,1.223611,2016,10,952.922621141294
4331,148804,-70.10261,44.14716,2016-10-01,1.045108,2016,10,952.922621141294
4332,148805,-70.10224,44.14716,2016-10-01,1.015799,2016,10,952.922621141294
4333,148806,-70.10186,44.14716,2016-10-01,1.060339,2016,10,952.922621141294
4334,148807,-70.10149,44.14716,2016-10-01,1.150596,2016,10,952.922621141294
4335,148808,-70.10111,44.14716,2016-10-01,1.280177,2016,10,952.922621141294
4336,148809,-70.10074,44.14716,2016-10-01,1.570044,2016,10,952.922621141294
4337,148810,-70.10036,44.14716,2016-10-01,1.943989,2016,10,952.922621141294
4338,148811,-70.09999,44.14716,2016-10-01,2.192989,2016,10,993.045678873559
4339,148812,-70.09961,44.14716,2016-10-01,2.247875,2016,10,993.045678873559
4340,148813,-70.09924,44.14716,2016-10-01,2.002112,2016,10,993.045678873559
4341,148814,-70.09886,44.14716,2016-10-01,1.799354,2016,10,952.922621141294
4342,148815,-70.09849,44.14716,2016-10-01,1.844577,2016,10,952.922621141294
4343,148816,-70.09811,44.14716,2016-10-01,1.686797,2016,10,952.922621141294
4344,148817,-70.09774,44.14716,2016-10-01,1.623874,2016,10,952.922621141294
4345,148818,-70.11274,44.14689,2016-10-01,-1.055163,2016,10,50.15382216533126
4346,148819,-70.11236,44.14689,2016-10-01,-0.8653639,2016,10,501.53822165331263
4347,148820,-70.11199,44.14689,2016-10-01,-0.8036905,2016,10,501.53822165331263
4348,148821,-70.11161,44.14689,2016-10-01,-0.9025767,2016,10,501.53822165331263
4349,148822,-70.11124,44.14689,2016-10-01,-0.9268882,2016,10,501.53822165331263
4350,148823,-70.11086,44.14689,2016-10-01,-0.8272046,2016,10,501.53822165331263
4351,148824,-70.11049,44.14689,2016-10-01,-0.5364207,2016,10,501.53822165331263
4352,148825,-70.11011,44.14689,2016-10-01,-0.2432933,2016,10,501.53822165331263
4353,148826,-70.10974,44.14689,2016-10-01,0.02484195,2016,10,501.53822165331263
4354,148827,-70.10936,44.14689,2016-10-01,0.177936,2016,10,501.53822165331263
4355,148828,-70.10899,44.14689,2016-10-01,0.3265705,2016,10,501.53822165331263
4356,148829,-70.10861,44.14689,2016-10-01,0.4389026,2016,10,501.53822165331263
4357,148830,-70.10824,44.14689,2016-10-01,0.5374401,2016,10,501.53822165331263
4358,148831,-70.10786,44.14689,2016-10-01,0.6638816,2016,10,501.53822165331263
4359,148832,-70.10749,44.14689,2016-10-01,0.7693821,2016,10,501.53822165331263
4360,148833,-70.10711,44.14689,2016-10-01,0.8452117,2016,10,501.53822165331263
4361,148834,-70.10674,44.14689,2016-10-01,0.9247237,2016,10,501.53822165331263
4362,148835,-70.10636,44.14689,2016-10-01,0.9540592,2016,10,501.53822165331263
4363,148836,-70.10599,44.14689,2016-10-01,1.089949,2016,10,952.922621141294
4364,148837,-70.10561,44.14689,2016-10-01,1.190144,2016,10,952.922621141294
4365,148838,-70.10524,44.14689,2016-10-01,1.318935,2016,10,952.922621141294
4366,148839,-70.10486,44.14689,2016-10-01,1.385322,2016,10,952.922621141294
4367,148840,-70.10449,44.14689,2016-10-01,1.530296,2016,10,952.922621141294
4368,148841,-70.10411,44.14689,2016-10-01,1.559489,2016,10,952.922621141294
4369,148842,-70.10374,44.14689,2016-10-01,1.556004,2016,10,952.922621141294
4370,148843,-70.10336,44.14689,2016-10-01,1.329336,2016,10,952.922621141294
4371,148844,-70.10299,44.14689,2016-10-01,1.078888,2016,10,952.922621141294
4372,148845,-70.10261,44.14689,2016-10-01,0.9053896,2016,10,501.53822165331263
4373,148846,-70.10224,44.14689,2016-10-01,0.7977201,2016,10,501.53822165331263
4374,148847,-70.10186,44.14689,2016-10-01,0.8351489,2016,10,501.53822165331263
4375,148848,-70.10149,44.14689,2016-10-01,0.8360926,2016,10,501.53822165331263
4376,148849,-70.10111,44.14689,2016-10-01,0.9127408,2016,10,501.53822165331263
4377,148850,-70.10074,44.14689,2016-10-01,1.208429,2016,10,952.922621141294
4378,148851,-70.10036,44.14689,2016-10-01,1.612593,2016,10,952.922621141294
4379,148852,-70.09999,44.14689,2016-10-01,1.930558,2016,10,952.922621141294
4380,148853,-70.09961,44.14689,2016-10-01,1.99792,2016,10,993.045678873559
4381,148854,-70.09924,44.14689,2016-10-01,1.81152,2016,10,952.922621141294
4382,148855,-70.09886,44.14689,2016-10-01,1.623407,2016,10,952.922621141294
4383,148856,-70.09849,44.14689,2016-10-01,1.567272,2016,10,952.922621141294
4384,148857,-70.09811,44.14689,2016-10-01,1.548119,2016,10,952.922621141294
4385,148858,-70.09774,44.14689,2016-10-01,1.546422,2016,10,952.922621141294
4386,148859,-70.09736,44.14689,2016-10-01,1.182959,2016,10,952.922621141294
4387,148860,-70.11199,44.14662,2016-10-01,-0.8334611,2016,10,501.53822165331263
4388,148861,-70.11161,44.14662,2016-10-01,-0.9960539,2016,10,501.53822165331263
4389,148862,-70.11124,44.14662,2016-10-01,-1.009771,2016,10,50.15382216533126
4390,148863,-70.11086,44.14662,2016-10-01,-0.8612095,2016,10,501.53822165331263
4391,148864,-70.11049,44.14662,2016-10-01,-0.5373261,2016,10,501.53822165331263
4392,148865,-70.11011,44.14662,2016-10-01,-0.2449252,2016,10,501.53822165331263
4393,148866,-70.10974,44.14662,2016-10-01,0.0849318,2016,10,501.53822165331263
4394,148867,-70.10936,44.14662,2016-10-01,0.2611167,2016,10,501.53822165331263
4395,148868,-70.10899,44.14662,2016-10-01,0.4919113,2016,10,501.53822165331263
4396,148869,-70.10861,44.14662,2016-10-01,0.6418804,2016,10,501.53822165331263
4397,148870,-70.10824,44.14662,2016-10-01,0.8055089,2016,10,501.53822165331263
4398,148871,-70.10786,44.14662,2016-10-01,0.8607804,2016,10,501.53822165331263
4399,148872,-70.10749,44.14662,2016-10-01,0.8981626,2016,10,501.53822165331263
4400,148873,-70.10711,44.14662,2016-10-01,0.9559795,2016,10,501.53822165331263
4401,148874,-70.10674,44.14662,2016-10-01,1.034127,2016,10,952.922621141294
4402,148875,-70.10636,44.14662,2016-10-01,1.125835,2016,10,952.922621141294
4403,148876,-70.10599,44.14662,2016-10-01,1.284291,2016,10,952.922621141294
4404,148877,-70.10561,44.14662,2016-10-01,1.315973,2016,10,952.922621141294
4405,148878,-70.10524,44.14662,2016-10-01,1.420232,2016,10,952.922621141294
4406,148879,-70.10486,44.14662,2016-10-01,1.482386,2016,10,952.922621141294
4407,148880,-70.10449,44.14662,2016-10-01,1.521449,2016,10,952.922621141294
4408,148881,-70.10411,44.14662,2016-10-01,1.484943,2016,10,952.922621141294
4409,148882,-70.10374,44.14662,2016-10-01,1.443643,2016,10,952.922621141294
4410,148883,-70.10336,44.14662,2016-10-01,1.223978,2016,10,952.922621141294
4411,148884,-70.10299,44.14662,2016-10-01,0.9468963,2016,10,501.53822165331263
4412,148885,-70.10261,44.14662,2016-10-01,0.7210002,2016,10,501.53822165331263
4413,148886,-70.10224,44.14662,2016-10-01,0.5007724,2016,10,501.53822165331263
4414,148887,-70.10186,44.14662,2016-10-01,0.4589026,2016,10,501.53822165331263
4415,148888,-70.10149,44.14662,2016-10-01,0.4688748,2016,10,501.53822165331263
4416,148889,-70.10111,44.14662,2016-10-01,0.6028666,2016,10,501.53822165331263
4417,148890,-70.10074,44.14662,2016-10-01,0.9141493,2016,10,501.53822165331263
4418,148891,-70.10036,44.14662,2016-10-01,1.310784,2016,10,952.922621141294
4419,148892,-70.09999,44.14662,2016-10-01,1.644738,2016,10,952.922621141294
4420,148893,-70.09961,44.14662,2016-10-01,1.750378,2016,10,952.922621141294
4421,148894,-70.09924,44.14662,2016-10-01,1.670293,2016,10,952.922621141294
4422,148895,-70.09886,44.14662,2016-10-01,1.534101,2016,10,952.922621141294
4423,148896,-70.09849,44.14662,2016-10-01,1.463988,2016,10,952.922621141294
4424,148897,-70.09811,44.14662,2016-10-01,1.488366,2016,10,952.922621141294
4425,148898,-70.09774,44.14662,2016-10-01,1.636467,2016,10,952.922621141294
4426,148899,-70.09736,44.14662,2016-10-01,1.405592,2016,10,952.922621141294
4427,148900,-70.09699,44.14662,2016-10-01,1.355553,2016,10,952.922621141294
4428,148901,-70.11199,44.14635,2016-10-01,-0.816349,2016,10,501.53822165331263
4429,148902,-70.11161,44.14635,2016-10-01,-0.999311,2016,10,501.53822165331263
4430,148903,-70.11124,44.14635,2016-10-01,-1.076258,2016,10,50.15382216533126
4431,148904,-70.11086,44.14635,2016-10-01,-0.9807866,2016,10,501.53822165331263
4432,148905,-70.11049,44.14635,2016-10-01,-0.6676114,2016,10,501.53822165331263
4433,148906,-70.11011,44.14635,2016-10-01,-0.358816,2016,10,501.53822165331263
4434,148907,-70.10974,44.14635,2016-10-01,-0.02448679,2016,10,501.53822165331263
4435,148908,-70.10936,44.14635,2016-10-01,0.1589097,2016,10,501.53822165331263
4436,148909,-70.10899,44.14635,2016-10-01,0.418803,2016,10,501.53822165331263
4437,148910,-70.10861,44.14635,2016-10-01,0.6221178,2016,10,501.53822165331263
4438,148911,-70.10824,44.14635,2016-10-01,0.8240403,2016,10,501.53822165331263
4439,148912,-70.10786,44.14635,2016-10-01,0.8673944,2016,10,501.53822165331263
4440,148913,-70.10749,44.14635,2016-10-01,0.8890871,2016,10,501.53822165331263
4441,148914,-70.10711,44.14635,2016-10-01,0.9889158,2016,10,501.53822165331263
4442,148915,-70.10674,44.14635,2016-10-01,1.093501,2016,10,952.922621141294
4443,148916,-70.10636,44.14635,2016-10-01,1.177235,2016,10,952.922621141294
4444,148917,-70.10599,44.14635,2016-10-01,1.242097,2016,10,952.922621141294
4445,148918,-70.10561,44.14635,2016-10-01,1.323802,2016,10,952.922621141294
4446,148919,-70.10524,44.14635,2016-10-01,1.428128,2016,10,952.922621141294
4447,148920,-70.10486,44.14635,2016-10-01,1.485414,2016,10,952.922621141294
4448,148921,-70.10449,44.14635,2016-10-01,1.535746,2016,10,952.922621141294
4449,148922,-70.10411,44.14635,2016-10-01,1.523538,2016,10,952.922621141294
4450,148923,-70.10374,44.14635,2016-10-01,1.40724,2016,10,952.922621141294
4451,148924,-70.10336,44.14635,2016-10-01,1.175163,2016,10,952.922621141294
4452,148925,-70.10299,44.14635,2016-10-01,0.8718358,2016,10,501.53822165331263
4453,148926,-70.10261,44.14635,2016-10-01,0.5462683,2016,10,501.53822165331263
4454,148927,-70.10224,44.14635,2016-10-01,0.3047023,2016,10,501.53822165331263
4455,148928,-70.10186,44.14635,2016-10-01,0.1871206,2016,10,501.53822165331263
4456,148929,-70.10149,44.14635,2016-10-01,0.2209552,2016,10,501.53822165331263
4457,148930,-70.10111,44.14635,2016-10-01,0.3791489,2016,10,501.53822165331263
4458,148931,-70.10074,44.14635,2016-10-01,0.7003114,2016,10,501.53822165331263
4459,148932,-70.10036,44.14635,2016-10-01,1.162599,2016,10,952.922621141294
4460,148933,-70.09999,44.14635,2016-10-01,1.532668,2016,10,952.922621141294
4461,148934,-70.09961,44.14635,2016-10-01,1.673219,2016,10,952.922621141294
4462,148935,-70.09924,44.14635,2016-10-01,1.653976,2016,10,952.922621141294
4463,148936,-70.09886,44.14635,2016-10-01,1.534895,2016,10,952.922621141294
4464,148937,-70.09849,44.14635,2016-10-01,1.487245,2016,10,952.922621141294
4465,148938,-70.09811,44.14635,2016-10-01,1.533255,2016,10,952.922621141294
4466,148939,-70.09774,44.14635,2016-10-01,1.649192,2016,10,952.922621141294
4467,148940,-70.09736,44.14635,2016-10-01,1.501577,2016,10,952.922621141294
4468,148941,-70.09699,44.14635,2016-10-01,1.361926,2016,10,952.922621141294
4469,148942,-70.11199,44.14608,2016-10-01,-1.196558,2016,10,50.15382216533126
4470,148943,-70.11161,44.14608,2016-10-01,-1.184479,2016,10,50.15382216533126
4471,148944,-70.11124,44.14608,2016-10-01,-1.084865,2016,10,50.15382216533126
4472,148945,-70.11086,44.14608,2016-10-01,-0.9409489,2016,10,501.53822165331263
4473,148946,-70.11049,44.14608,2016-10-01,-0.6563988,2016,10,501.53822165331263
4474,148947,-70.11011,44.14608,2016-10-01,-0.3747645,2016,10,501.53822165331263
4475,148948,-70.10974,44.14608,2016-10-01,-0.09072847,2016,10,501.53822165331263
4476,148949,-70.10936,44.14608,2016-10-01,0.1342458,2016,10,501.53822165331263
4477,148950,-70.10899,44.14608,2016-10-01,0.4082122,2016,10,501.53822165331263
4478,148951,-70.10861,44.14608,2016-10-01,0.6536775,2016,10,501.53822165331263
4479,148952,-70.10824,44.14608,2016-10-01,0.830154,2016,10,501.53822165331263
4480,148953,-70.10786,44.14608,2016-10-01,0.940845,2016,10,501.53822165331263
4481,148954,-70.10749,44.14608,2016-10-01,0.9925007,2016,10,501.53822165331263
4482,148955,-70.10711,44.14608,2016-10-01,1.061987,2016,10,952.922621141294
4483,148956,-70.10674,44.14608,2016-10-01,1.134964,2016,10,952.922621141294
4484,148957,-70.10636,44.14608,2016-10-01,1.222117,2016,10,952.922621141294
4485,148958,-70.10599,44.14608,2016-10-01,1.300227,2016,10,952.922621141294
4486,148959,-70.10561,44.14608,2016-10-01,1.380518,2016,10,952.922621141294
4487,148960,-70.10524,44.14608,2016-10-01,1.498735,2016,10,952.922621141294
4488,148961,-70.10486,44.14608,2016-10-01,1.516147,2016,10,952.922621141294
4489,148962,-70.10449,44.14608,2016-10-01,1.46938,2016,10,952.922621141294
4490,148963,-70.10411,44.14608,2016-10-01,1.415302,2016,10,952.922621141294
4491,148964,-70.10374,44.14608,2016-10-01,1.355125,2016,10,952.922621141294
4492,148965,-70.10336,44.14608,2016-10-01,1.218072,2016,10,952.922621141294
4493,148966,-70.10299,44.14608,2016-10-01,0.9238105,2016,10,501.53822165331263
4494,148967,-70.10261,44.14608,2016-10-01,0.4701545,2016,10,501.53822165331263
4495,148968,-70.10224,44.14608,2016-10-01,0.1376347,2016,10,501.53822165331263
4496,148969,-70.10186,44.14608,2016-10-01,-0.06286347,2016,10,501.53822165331263
4497,148970,-70.10149,44.14608,2016-10-01,0.0001325798,2016,10,501.53822165331263
4498,148971,-70.10111,44.14608,2016-10-01,0.2468712,2016,10,501.53822165331263
4499,148972,-70.10074,44.14608,2016-10-01,0.6017819,2016,10,501.53822165331263
4500,148973,-70.10036,44.14608,2016-10-01,1.041843,2016,10,952.922621141294
4501,148974,-70.09999,44.14608,2016-10-01,1.403936,2016,10,952.922621141294
4502,148975,-70.09961,44.14608,2016-10-01,1.533166,2016,10,952.922621141294
4503,148976,-70.09924,44.14608,2016-10-01,1.503452,2016,10,952.922621141294
4504,148977,-70.09886,44.14608,2016-10-01,1.379891,2016,10,952.922621141294
4505,148978,-70.09849,44.14608,2016-10-01,1.297562,2016,10,952.922621141294
4506,148979,-70.09811,44.14608,2016-10-01,1.277616,2016,10,952.922621141294
4507,148980,-70.09774,44.14608,2016-10-01,1.187988,2016,10,952.922621141294
4508,148981,-70.09736,44.14608,2016-10-01,0.9269218,2016,10,501.53822165331263
4509,148982,-70.09699,44.14608,2016-10-01,0.7957172,2016,10,501.53822165331263
4510,148983,-70.11236,44.14581,2016-10-01,-0.5354253,2016,10,501.53822165331263
4511,148984,-70.11199,44.14581,2016-10-01,-0.9779138,2016,10,501.53822165331263
4512,148985,-70.11161,44.14581,2016-10-01,-1.050613,2016,10,50.15382216533126
4513,148986,-70.11124,44.14581,2016-10-01,-0.9519215,2016,10,501.53822165331263
4514,148987,-70.11086,44.14581,2016-10-01,-0.8828523,2016,10,501.53822165331263
4515,148988,-70.11049,44.14581,2016-10-01,-0.6600924,2016,10,501.53822165331263
4516,148989,-70.11011,44.14581,2016-10-01,-0.3686877,2016,10,501.53822165331263
4517,148990,-70.10974,44.14581,2016-10-01,-0.113052,2016,10,501.53822165331263
4518,148991,-70.10936,44.14581,2016-10-01,0.09198773,2016,10,501.53822165331263
4519,148992,-70.10899,44.14581,2016-10-01,0.3253457,2016,10,501.53822165331263
4520,148993,-70.10861,44.14581,2016-10-01,0.5900762,2016,10,501.53822165331263
4521,148994,-70.10824,44.14581,2016-10-01,0.76056,2016,10,501.53822165331263
4522,148995,-70.10786,44.14581,2016-10-01,0.8662812,2016,10,501.53822165331263
4523,148996,-70.10749,44.14581,2016-10-01,0.9389085,2016,10,501.53822165331263
4524,148997,-70.10711,44.14581,2016-10-01,1.057959,2016,10,952.922621141294
4525,148998,-70.10674,44.14581,2016-10-01,1.171842,2016,10,952.922621141294
4526,148999,-70.10636,44.14581,2016-10-01,1.211455,2016,10,952.922621141294
4527,149000,-70.10599,44.14581,2016-10-01,1.28084,2016,10,952.922621141294
4528,149001,-70.10561,44.14581,2016-10-01,1.326052,2016,10,952.922621141294
4529,149002,-70.10524,44.14581,2016-10-01,1.432057,2016,10,952.922621141294
4530,149003,-70.10486,44.14581,2016-10-01,1.376306,2016,10,952.922621141294
4531,149004,-70.10449,44.14581,2016-10-01,1.348167,2016,10,952.922621141294
4532,149005,-70.10411,44.14581,2016-10-01,1.350812,2016,10,952.922621141294
4533,149006,-70.10374,44.14581,2016-10-01,1.346254,2016,10,952.922621141294
4534,149007,-70.10336,44.14581,2016-10-01,1.263432,2016,10,952.922621141294
4535,149008,-70.10299,44.14581,2016-10-01,0.9773863,2016,10,501.53822165331263
4536,149009,-70.10261,44.14581,2016-10-01,0.5099209,2016,10,501.53822165331263
4537,149010,-70.10224,44.14581,2016-10-01,0.157502,2016,10,501.53822165331263
4538,149011,-70.10186,44.14581,2016-10-01,-0.08747571,2016,10,501.53822165331263
4539,149012,-70.10149,44.14581,2016-10-01,-0.06729786,2016,10,501.53822165331263
4540,149013,-70.10111,44.14581,2016-10-01,0.149426,2016,10,501.53822165331263
4541,149014,-70.10074,44.14581,2016-10-01,0.501291,2016,10,501.53822165331263
4542,149015,-70.10036,44.14581,2016-10-01,0.9080761,2016,10,501.53822165331263
4543,149016,-70.09999,44.14581,2016-10-01,1.239808,2016,10,952.922621141294
4544,149017,-70.09961,44.14581,2016-10-01,1.404637,2016,10,952.922621141294
4545,149018,-70.09924,44.14581,2016-10-01,1.406759,2016,10,952.922621141294
4546,149019,-70.09886,44.14581,2016-10-01,1.267549,2016,10,952.922621141294
4547,149020,-70.09849,44.14581,2016-10-01,1.089044,2016,10,952.922621141294
4548,149021,-70.09811,44.14581,2016-10-01,0.9752152,2016,10,501.53822165331263
4549,149022,-70.09774,44.14581,2016-10-01,0.7470353,2016,10,501.53822165331263
4550,149023,-70.09736,44.14581,2016-10-01,0.4223359,2016,10,501.53822165331263
4551,149024,-70.09699,44.14581,2016-10-01,-0.267178,2016,10,501.53822165331263
4552,149025,-70.11199,44.14554,2016-10-01,-0.9509598,2016,10,501.53822165331263
4553,149026,-70.11161,44.14554,2016-10-01,-1.027264,2016,10,50.15382216533126
4554,149027,-70.11124,44.14554,2016-10-01,-0.8834557,2016,10,501.53822165331263
4555,149028,-70.11086,44.14554,2016-10-01,-0.789094,2016,10,501.53822165331263
4556,149029,-70.11049,44.14554,2016-10-01,-0.5463917,2016,10,501.53822165331263
4557,149030,-70.11011,44.14554,2016-10-01,-0.2223324,2016,10,501.53822165331263
4558,149031,-70.10974,44.14554,2016-10-01,0.008402356,2016,10,501.53822165331263
4559,149032,-70.10936,44.14554,2016-10-01,0.2004845,2016,10,501.53822165331263
4560,149033,-70.10899,44.14554,2016-10-01,0.4008562,2016,10,501.53822165331263
4561,149034,-70.10861,44.14554,2016-10-01,0.6330979,2016,10,501.53822165331263
4562,149035,-70.10824,44.14554,2016-10-01,0.8212852,2016,10,501.53822165331263
4563,149036,-70.10786,44.14554,2016-10-01,0.9491463,2016,10,501.53822165331263
4564,149037,-70.10749,44.14554,2016-10-01,1.021065,2016,10,952.922621141294
4565,149038,-70.10711,44.14554,2016-10-01,1.156986,2016,10,952.922621141294
4566,149039,-70.10674,44.14554,2016-10-01,1.296751,2016,10,952.922621141294
4567,149040,-70.10636,44.14554,2016-10-01,1.371921,2016,10,952.922621141294
4568,149041,-70.10599,44.14554,2016-10-01,1.408312,2016,10,952.922621141294
4569,149042,-70.10561,44.14554,2016-10-01,1.371743,2016,10,952.922621141294
4570,149043,-70.10524,44.14554,2016-10-01,1.40473,2016,10,952.922621141294
4571,149044,-70.10486,44.14554,2016-10-01,1.317637,2016,10,952.922621141294
4572,149045,-70.10449,44.14554,2016-10-01,1.263786,2016,10,952.922621141294
4573,149046,-70.10411,44.14554,2016-10-01,1.28253,2016,10,952.922621141294
4574,149047,-70.10374,44.14554,2016-10-01,1.341646,2016,10,952.922621141294
4575,149048,-70.10336,44.14554,2016-10-01,1.312596,2016,10,952.922621141294
4576,149049,-70.10299,44.14554,2016-10-01,1.047691,2016,10,952.922621141294
4577,149050,-70.10261,44.14554,2016-10-01,0.6080708,2016,10,501.53822165331263
4578,149051,-70.10224,44.14554,2016-10-01,0.2342896,2016,10,501.53822165331263
4579,149052,-70.10186,44.14554,2016-10-01,-0.02038096,2016,10,501.53822165331263
4580,149053,-70.10149,44.14554,2016-10-01,-0.02932277,2016,10,501.53822165331263
4581,149054,-70.10111,44.14554,2016-10-01,0.1248705,2016,10,501.53822165331263
4582,149055,-70.10074,44.14554,2016-10-01,0.4259549,2016,10,501.53822165331263
4583,149056,-70.10036,44.14554,2016-10-01,0.7709821,2016,10,501.53822165331263
4584,149057,-70.09999,44.14554,2016-10-01,1.059274,2016,10,952.922621141294
4585,149058,-70.09961,44.14554,2016-10-01,1.250814,2016,10,952.922621141294
4586,149059,-70.09924,44.14554,2016-10-01,1.28142,2016,10,952.922621141294
4587,149060,-70.09886,44.14554,2016-10-01,1.161623,2016,10,952.922621141294
4588,149061,-70.09849,44.14554,2016-10-01,0.8852992,2016,10,501.53822165331263
4589,149062,-70.09811,44.14554,2016-10-01,0.5705562,2016,10,501.53822165331263
4590,149063,-70.09774,44.14554,2016-10-01,0.164648,2016,10,501.53822165331263
4591,149064,-70.09736,44.14554,2016-10-01,-0.2174198,2016,10,501.53822165331263
4592,149065,-70.09699,44.14554,2016-10-01,-0.5952891,2016,10,501.53822165331263
4593,149066,-70.09661,44.14554,2016-10-01,-0.9434745,2016,10,501.53822165331263
4594,149067,-70.09624,44.14554,2016-10-01,-0.8952038,2016,10,501.53822165331263
4595,149068,-70.11124,44.14527,2016-10-01,-0.6295022,2016,10,501.53822165331263
4596,149069,-70.11086,44.14527,2016-10-01,-0.6200757,2016,10,501.53822165331263
4597,149070,-70.11049,44.14527,2016-10-01,-0.4551424,2016,10,501.53822165331263
4598,149071,-70.11011,44.14527,2016-10-01,-0.1839393,2016,10,501.53822165331263
4599,149072,-70.10974,44.14527,2016-10-01,-0.002345444,2016,10,501.53822165331263
4600,149073,-70.10936,44.14527,2016-10-01,0.1751641,2016,10,501.53822165331263
4601,149074,-70.10899,44.14527,2016-10-01,0.3468548,2016,10,501.53822165331263
4602,149075,-70.10861,44.14527,2016-10-01,0.5549438,2016,10,501.53822165331263
4603,149076,-70.10824,44.14527,2016-10-01,0.7651193,2016,10,501.53822165331263
4604,149077,-70.10786,44.14527,2016-10-01,0.9516184,2016,10,501.53822165331263
4605,149078,-70.10749,44.14527,2016-10-01,1.078714,2016,10,952.922621141294
4606,149079,-70.10711,44.14527,2016-10-01,1.203894,2016,10,952.922621141294
4607,149080,-70.10674,44.14527,2016-10-01,1.339531,2016,10,952.922621141294
4608,149081,-70.10636,44.14527,2016-10-01,1.434637,2016,10,952.922621141294
4609,149082,-70.10599,44.14527,2016-10-01,1.479336,2016,10,952.922621141294
4610,149083,-70.10561,44.14527,2016-10-01,1.46085,2016,10,952.922621141294
4611,149084,-70.10524,44.14527,2016-10-01,1.407564,2016,10,952.922621141294
4612,149085,-70.10486,44.14527,2016-10-01,1.268896,2016,10,952.922621141294
4613,149086,-70.10449,44.14527,2016-10-01,1.139957,2016,10,952.922621141294
4614,149087,-70.10411,44.14527,2016-10-01,1.148587,2016,10,952.922621141294
4615,149088,-70.10374,44.14527,2016-10-01,1.233467,2016,10,952.922621141294
4616,149089,-70.10336,44.14527,2016-10-01,1.237454,2016,10,952.922621141294
4617,149090,-70.10299,44.14527,2016-10-01,1.075148,2016,10,952.922621141294
4618,149091,-70.10261,44.14527,2016-10-01,0.7397334,2016,10,501.53822165331263
4619,149092,-70.10224,44.14527,2016-10-01,0.3851573,2016,10,501.53822165331263
4620,149093,-70.10186,44.14527,2016-10-01,0.1146202,2016,10,501.53822165331263
4621,149094,-70.10149,44.14527,2016-10-01,0.02118286,2016,10,501.53822165331263
4622,149095,-70.10111,44.14527,2016-10-01,0.0618849,2016,10,501.53822165331263
4623,149096,-70.10074,44.14527,2016-10-01,0.3076575,2016,10,501.53822165331263
4624,149097,-70.10036,44.14527,2016-10-01,0.6102696,2016,10,501.53822165331263
4625,149098,-70.09999,44.14527,2016-10-01,0.8909259,2016,10,501.53822165331263
4626,149099,-70.09961,44.14527,2016-10-01,1.141586,2016,10,952.922621141294
4627,149100,-70.09924,44.14527,2016-10-01,1.253735,2016,10,952.922621141294
4628,149101,-70.09886,44.14527,2016-10-01,1.195034,2016,10,952.922621141294
4629,149102,-70.09849,44.14527,2016-10-01,0.90714,2016,10,501.53822165331263
4630,149103,-70.09811,44.14527,2016-10-01,0.4435667,2016,10,501.53822165331263
4631,149104,-70.09774,44.14527,2016-10-01,-0.08990373,2016,10,501.53822165331263
4632,149105,-70.09736,44.14527,2016-10-01,-0.5740445,2016,10,501.53822165331263
4633,149106,-70.09699,44.14527,2016-10-01,-0.9530487,2016,10,501.53822165331263
4634,149107,-70.09661,44.14527,2016-10-01,-1.101589,2016,10,50.15382216533126
4635,149108,-70.09624,44.14527,2016-10-01,-1.005249,2016,10,50.15382216533126
4636,149109,-70.09586,44.14527,2016-10-01,-0.9633521,2016,10,501.53822165331263
4637,149110,-70.11124,44.145,2016-10-01,-0.4898107,2016,10,501.53822165331263
4638,149111,-70.11086,44.145,2016-10-01,-0.5074692,2016,10,501.53822165331263
4639,149112,-70.11049,44.145,2016-10-01,-0.3941974,2016,10,501.53822165331263
4640,149113,-70.11011,44.145,2016-10-01,-0.1864621,2016,10,501.53822165331263
4641,149114,-70.10974,44.145,2016-10-01,-0.02463909,2016,10,501.53822165331263
4642,149115,-70.10936,44.145,2016-10-01,0.1137319,2016,10,501.53822165331263
4643,149116,-70.10899,44.145,2016-10-01,0.289096,2016,10,501.53822165331263
4644,149117,-70.10861,44.145,2016-10-01,0.5253165,2016,10,501.53822165331263
4645,149118,-70.10824,44.145,2016-10-01,0.7494572,2016,10,501.53822165331263
4646,149119,-70.10786,44.145,2016-10-01,0.932448,2016,10,501.53822165331263
4647,149120,-70.10749,44.145,2016-10-01,1.115738,2016,10,952.922621141294
4648,149121,-70.10711,44.145,2016-10-01,1.316661,2016,10,952.922621141294
4649,149122,-70.10674,44.145,2016-10-01,1.478313,2016,10,952.922621141294
4650,149123,-70.10636,44.145,2016-10-01,1.546572,2016,10,952.922621141294
4651,149124,-70.10599,44.145,2016-10-01,1.567618,2016,10,952.922621141294
4652,149125,-70.10561,44.145,2016-10-01,1.515058,2016,10,952.922621141294
4653,149126,-70.10524,44.145,2016-10-01,1.398198,2016,10,952.922621141294
4654,149127,-70.10486,44.145,2016-10-01,1.276359,2016,10,952.922621141294
4655,149128,-70.10449,44.145,2016-10-01,1.156329,2016,10,952.922621141294
4656,149129,-70.10411,44.145,2016-10-01,1.084072,2016,10,952.922621141294
4657,149130,-70.10374,44.145,2016-10-01,1.119759,2016,10,952.922621141294
4658,149131,-70.10336,44.145,2016-10-01,1.130459,2016,10,952.922621141294
4659,149132,-70.10299,44.145,2016-10-01,1.02578,2016,10,952.922621141294
4660,149133,-70.10261,44.145,2016-10-01,0.7267141,2016,10,501.53822165331263
4661,149134,-70.10224,44.145,2016-10-01,0.408795,2016,10,501.53822165331263
4662,149135,-70.10186,44.145,2016-10-01,0.1574023,2016,10,501.53822165331263
4663,149136,-70.10149,44.145,2016-10-01,0.07294864,2016,10,501.53822165331263
4664,149137,-70.10111,44.145,2016-10-01,0.09559089,2016,10,501.53822165331263
4665,149138,-70.10074,44.145,2016-10-01,0.2576001,2016,10,501.53822165331263
4666,149139,-70.10036,44.145,2016-10-01,0.4923055,2016,10,501.53822165331263
4667,149140,-70.09999,44.145,2016-10-01,0.741194,2016,10,501.53822165331263
4668,149141,-70.09961,44.145,2016-10-01,1.02493,2016,10,952.922621141294
4669,149142,-70.09924,44.145,2016-10-01,1.278333,2016,10,952.922621141294
4670,149143,-70.09886,44.145,2016-10-01,1.339821,2016,10,952.922621141294
4671,149144,-70.09849,44.145,2016-10-01,1.128515,2016,10,952.922621141294
4672,149145,-70.09811,44.145,2016-10-01,0.6071197,2016,10,501.53822165331263
4673,149146,-70.09774,44.145,2016-10-01,-0.02820943,2016,10,501.53822165331263
4674,149147,-70.09736,44.145,2016-10-01,-0.5447058,2016,10,501.53822165331263
4675,149148,-70.09699,44.145,2016-10-01,-0.9307343,2016,10,501.53822165331263
4676,149149,-70.09661,44.145,2016-10-01,-1.106528,2016,10,50.15382216533126
4677,149150,-70.09624,44.145,2016-10-01,-1.109784,2016,10,50.15382216533126
4678,149151,-70.09586,44.145,2016-10-01,-1.090273,2016,10,50.15382216533126
4679,149152,-70.09549,44.145,2016-10-01,-0.88955,2016,10,501.53822165331263
4680,149153,-70.11124,44.14473,2016-10-01,-0.4271874,2016,10,501.53822165331263
4681,149154,-70.11086,44.14473,2016-10-01,-0.3795229,2016,10,501.53822165331263
4682,149155,-70.11049,44.14473,2016-10-01,-0.3481703,2016,10,501.53822165331263
4683,149156,-70.11011,44.14473,2016-10-01,-0.2567896,2016,10,501.53822165331263
4684,149157,-70.10974,44.14473,2016-10-01,-0.129694,2016,10,501.53822165331263
4685,149158,-70.10936,44.14473,2016-10-01,-0.0266529,2016,10,501.53822165331263
4686,149159,-70.10899,44.14473,2016-10-01,0.1550726,2016,10,501.53822165331263
4687,149160,-70.10861,44.14473,2016-10-01,0.3618139,2016,10,501.53822165331263
4688,149161,-70.10824,44.14473,2016-10-01,0.5713608,2016,10,501.53822165331263
4689,149162,-70.10786,44.14473,2016-10-01,0.8038839,2016,10,501.53822165331263
4690,149163,-70.10749,44.14473,2016-10-01,1.044457,2016,10,952.922621141294
4691,149164,-70.10711,44.14473,2016-10-01,1.198251,2016,10,952.922621141294
4692,149165,-70.10674,44.14473,2016-10-01,1.356984,2016,10,952.922621141294
4693,149166,-70.10636,44.14473,2016-10-01,1.432796,2016,10,952.922621141294
4694,149167,-70.10599,44.14473,2016-10-01,1.473129,2016,10,952.922621141294
4695,149168,-70.10561,44.14473,2016-10-01,1.496397,2016,10,952.922621141294
4696,149169,-70.10524,44.14473,2016-10-01,1.434514,2016,10,952.922621141294
4697,149170,-70.10486,44.14473,2016-10-01,1.269698,2016,10,952.922621141294
4698,149171,-70.10449,44.14473,2016-10-01,1.095698,2016,10,952.922621141294
4699,149172,-70.10411,44.14473,2016-10-01,0.9664239,2016,10,501.53822165331263
4700,149173,-70.10374,44.14473,2016-10-01,0.962818,2016,10,501.53822165331263
4701,149174,-70.10336,44.14473,2016-10-01,0.96778,2016,10,501.53822165331263
4702,149175,-70.10299,44.14473,2016-10-01,0.9049209,2016,10,501.53822165331263
4703,149176,-70.10261,44.14473,2016-10-01,0.7131406,2016,10,501.53822165331263
4704,149177,-70.10224,44.14473,2016-10-01,0.4855928,2016,10,501.53822165331263
4705,149178,-70.10186,44.14473,2016-10-01,0.2718802,2016,10,501.53822165331263
4706,149179,-70.10149,44.14473,2016-10-01,0.1639358,2016,10,501.53822165331263
4707,149180,-70.10111,44.14473,2016-10-01,0.1840414,2016,10,501.53822165331263
4708,149181,-70.10074,44.14473,2016-10-01,0.2572296,2016,10,501.53822165331263
4709,149182,-70.10036,44.14473,2016-10-01,0.4763146,2016,10,501.53822165331263
4710,149183,-70.09999,44.14473,2016-10-01,0.6892279,2016,10,501.53822165331263
4711,149184,-70.09961,44.14473,2016-10-01,0.9423162,2016,10,501.53822165331263
4712,149185,-70.09924,44.14473,2016-10-01,1.213921,2016,10,952.922621141294
4713,149186,-70.09886,44.14473,2016-10-01,1.365655,2016,10,952.922621141294
4714,149187,-70.09849,44.14473,2016-10-01,1.307703,2016,10,952.922621141294
4715,149188,-70.09811,44.14473,2016-10-01,0.9276507,2016,10,501.53822165331263
4716,149189,-70.09774,44.14473,2016-10-01,0.3151493,2016,10,501.53822165331263
4717,149190,-70.09736,44.14473,2016-10-01,-0.2221999,2016,10,501.53822165331263
4718,149191,-70.09699,44.14473,2016-10-01,-0.6403979,2016,10,501.53822165331263
4719,149192,-70.09661,44.14473,2016-10-01,-0.8895828,2016,10,501.53822165331263
4720,149193,-70.09624,44.14473,2016-10-01,-1.025476,2016,10,50.15382216533126
4721,149194,-70.09586,44.14473,2016-10-01,-1.140988,2016,10,50.15382216533126
4722,149195,-70.09549,44.14473,2016-10-01,-1.054093,2016,10,50.15382216533126
4723,149196,-70.09511,44.14473,2016-10-01,-0.9948258,2016,10,501.53822165331263
4724,149197,-70.11124,44.14446,2016-10-01,-0.3938943,2016,10,501.53822165331263
4725,149198,-70.11086,44.14446,2016-10-01,-0.3944958,2016,10,501.53822165331263
4726,149199,-70.11049,44.14446,2016-10-01,-0.4357207,2016,10,501.53822165331263
4727,149200,-70.11011,44.14446,2016-10-01,-0.4327408,2016,10,501.53822165331263
4728,149201,-70.10974,44.14446,2016-10-01,-0.355683,2016,10,501.53822165331263
4729,149202,-70.10936,44.14446,2016-10-01,-0.2341128,2016,10,501.53822165331263
4730,149203,-70.10899,44.14446,2016-10-01,0.002868709,2016,10,501.53822165331263
4731,149204,-70.10861,44.14446,2016-10-01,0.2118155,2016,10,501.53822165331263
4732,149205,-70.10824,44.14446,2016-10-01,0.4280582,2016,10,501.53822165331263
4733,149206,-70.10786,44.14446,2016-10-01,0.652815,2016,10,501.53822165331263
4734,149207,-70.10749,44.14446,2016-10-01,0.9048515,2016,10,501.53822165331263
4735,149208,-70.10711,44.14446,2016-10-01,1.10436,2016,10,952.922621141294
4736,149209,-70.10674,44.14446,2016-10-01,1.295111,2016,10,952.922621141294
4737,149210,-70.10636,44.14446,2016-10-01,1.38549,2016,10,952.922621141294
4738,149211,-70.10599,44.14446,2016-10-01,1.454565,2016,10,952.922621141294
4739,149212,-70.10561,44.14446,2016-10-01,1.434641,2016,10,952.922621141294
4740,149213,-70.10524,44.14446,2016-10-01,1.294308,2016,10,952.922621141294
4741,149214,-70.10486,44.14446,2016-10-01,1.155588,2016,10,952.922621141294
4742,149215,-70.10449,44.14446,2016-10-01,1.02103,2016,10,952.922621141294
4743,149216,-70.10411,44.14446,2016-10-01,0.8924384,2016,10,501.53822165331263
4744,149217,-70.10374,44.14446,2016-10-01,0.8388438,2016,10,501.53822165331263
4745,149218,-70.10336,44.14446,2016-10-01,0.8495018,2016,10,501.53822165331263
4746,149219,-70.10299,44.14446,2016-10-01,0.8240883,2016,10,501.53822165331263
4747,149220,-70.10261,44.14446,2016-10-01,0.6735345,2016,10,501.53822165331263
4748,149221,-70.10224,44.14446,2016-10-01,0.4664406,2016,10,501.53822165331263
4749,149222,-70.10186,44.14446,2016-10-01,0.3272779,2016,10,501.53822165331263
4750,149223,-70.10149,44.14446,2016-10-01,0.2293712,2016,10,501.53822165331263
4751,149224,-70.10111,44.14446,2016-10-01,0.3068792,2016,10,501.53822165331263
4752,149225,-70.10074,44.14446,2016-10-01,0.3553119,2016,10,501.53822165331263
4753,149226,-70.10036,44.14446,2016-10-01,0.5227042,2016,10,501.53822165331263
4754,149227,-70.09999,44.14446,2016-10-01,0.6566902,2016,10,501.53822165331263
4755,149228,-70.09961,44.14446,2016-10-01,0.8267605,2016,10,501.53822165331263
4756,149229,-70.09924,44.14446,2016-10-01,1.0684,2016,10,952.922621141294
4757,149230,-70.09886,44.14446,2016-10-01,1.319583,2016,10,952.922621141294
4758,149231,-70.09849,44.14446,2016-10-01,1.403745,2016,10,952.922621141294
4759,149232,-70.09811,44.14446,2016-10-01,1.179051,2016,10,952.922621141294
4760,149233,-70.09774,44.14446,2016-10-01,0.6768758,2016,10,501.53822165331263
4761,149234,-70.09736,44.14446,2016-10-01,0.1306062,2016,10,501.53822165331263
4762,149235,-70.09699,44.14446,2016-10-01,-0.3083599,2016,10,501.53822165331263
4763,149236,-70.09661,44.14446,2016-10-01,-0.6410198,2016,10,501.53822165331263
4764,149237,-70.09624,44.14446,2016-10-01,-0.9243944,2016,10,501.53822165331263
4765,149238,-70.09586,44.14446,2016-10-01,-1.218892,2016,10,50.15382216533126
4766,149239,-70.09549,44.14446,2016-10-01,-1.328868,2016,10,50.15382216533126
4767,149240,-70.09511,44.14446,2016-10-01,-1.403432,2016,10,50.15382216533126
4768,149241,-70.09474,44.14446,2016-10-01,-1.194223,2016,10,50.15382216533126
4769,149242,-70.11124,44.14419,2016-10-01,-0.4107679,2016,10,501.53822165331263
4770,149243,-70.11086,44.14419,2016-10-01,-0.5182958,2016,10,501.53822165331263
4771,149244,-70.11049,44.14419,2016-10-01,-0.6107776,2016,10,501.53822165331263
4772,149245,-70.11011,44.14419,2016-10-01,-0.6193169,2016,10,501.53822165331263
4773,149246,-70.10974,44.14419,2016-10-01,-0.5554255,2016,10,501.53822165331263
4774,149247,-70.10936,44.14419,2016-10-01,-0.4360342,2016,10,501.53822165331263
4775,149248,-70.10899,44.14419,2016-10-01,-0.209976,2016,10,501.53822165331263
4776,149249,-70.10861,44.14419,2016-10-01,0.02833172,2016,10,501.53822165331263
4777,149250,-70.10824,44.14419,2016-10-01,0.2864201,2016,10,501.53822165331263
4778,149251,-70.10786,44.14419,2016-10-01,0.4935441,2016,10,501.53822165331263
4779,149252,-70.10749,44.14419,2016-10-01,0.708039,2016,10,501.53822165331263
4780,149253,-70.10711,44.14419,2016-10-01,0.9053891,2016,10,501.53822165331263
4781,149254,-70.10674,44.14419,2016-10-01,1.0424,2016,10,952.922621141294
4782,149255,-70.10636,44.14419,2016-10-01,1.156174,2016,10,952.922621141294
4783,149256,-70.10599,44.14419,2016-10-01,1.260637,2016,10,952.922621141294
4784,149257,-70.10561,44.14419,2016-10-01,1.286771,2016,10,952.922621141294
4785,149258,-70.10524,44.14419,2016-10-01,1.216416,2016,10,952.922621141294
4786,149259,-70.10486,44.14419,2016-10-01,1.066484,2016,10,952.922621141294
4787,149260,-70.10449,44.14419,2016-10-01,0.9280458,2016,10,501.53822165331263
4788,149261,-70.10411,44.14419,2016-10-01,0.8668492,2016,10,501.53822165331263
4789,149262,-70.10374,44.14419,2016-10-01,0.8623053,2016,10,501.53822165331263
4790,149263,-70.10336,44.14419,2016-10-01,0.8555694,2016,10,501.53822165331263
4791,149264,-70.10299,44.14419,2016-10-01,0.8156401,2016,10,501.53822165331263
4792,149265,-70.10261,44.14419,2016-10-01,0.6971519,2016,10,501.53822165331263
4793,149266,-70.10224,44.14419,2016-10-01,0.5092565,2016,10,501.53822165331263
4794,149267,-70.10186,44.14419,2016-10-01,0.4078847,2016,10,501.53822165331263
4795,149268,-70.10149,44.14419,2016-10-01,0.3444539,2016,10,501.53822165331263
4796,149269,-70.10111,44.14419,2016-10-01,0.4210066,2016,10,501.53822165331263
4797,149270,-70.10074,44.14419,2016-10-01,0.4873146,2016,10,501.53822165331263
4798,149271,-70.10036,44.14419,2016-10-01,0.5713761,2016,10,501.53822165331263
4799,149272,-70.09999,44.14419,2016-10-01,0.6383803,2016,10,501.53822165331263
4800,149273,-70.09961,44.14419,2016-10-01,0.7296974,2016,10,501.53822165331263
4801,149274,-70.09924,44.14419,2016-10-01,0.8927074,2016,10,501.53822165331263
4802,149275,-70.09886,44.14419,2016-10-01,1.105331,2016,10,952.922621141294
4803,149276,-70.09849,44.14419,2016-10-01,1.27019,2016,10,952.922621141294
4804,149277,-70.09811,44.14419,2016-10-01,1.188113,2016,10,952.922621141294
4805,149278,-70.09774,44.14419,2016-10-01,0.8641265,2016,10,501.53822165331263
4806,149279,-70.09736,44.14419,2016-10-01,0.4131801,2016,10,501.53822165331263
4807,149280,-70.09699,44.14419,2016-10-01,-0.02429755,2016,10,501.53822165331263
4808,149281,-70.09661,44.14419,2016-10-01,-0.3968248,2016,10,501.53822165331263
4809,149282,-70.09624,44.14419,2016-10-01,-0.7812871,2016,10,501.53822165331263
4810,149283,-70.09586,44.14419,2016-10-01,-1.213309,2016,10,50.15382216533126
4811,149284,-70.09549,44.14419,2016-10-01,-1.472175,2016,10,50.15382216533126
4812,149285,-70.09511,44.14419,2016-10-01,-1.541889,2016,10,50.15382216533126
4813,149286,-70.09474,44.14419,2016-10-01,-1.419364,2016,10,50.15382216533126
4814,149287,-70.09436,44.14419,2016-10-01,-1.345626,2016,10,50.15382216533126
4815,149288,-70.11124,44.14392,2016-10-01,-0.628397,2016,10,501.53822165331263
4816,149289,-70.11086,44.14392,2016-10-01,-0.7642051,2016,10,501.53822165331263
4817,149290,-70.11049,44.14392,2016-10-01,-0.7978555,2016,10,501.53822165331263
4818,149291,-70.11011,44.14392,2016-10-01,-0.8286629,2016,10,501.53822165331263
4819,149292,-70.10974,44.14392,2016-10-01,-0.795081,2016,10,501.53822165331263
4820,149293,-70.10936,44.14392,2016-10-01,-0.6341164,2016,10,501.53822165331263
4821,149294,-70.10899,44.14392,2016-10-01,-0.4438633,2016,10,501.53822165331263
4822,149295,-70.10861,44.14392,2016-10-01,-0.2208494,2016,10,501.53822165331263
4823,149296,-70.10824,44.14392,2016-10-01,0.04780487,2016,10,501.53822165331263
4824,149297,-70.10786,44.14392,2016-10-01,0.2959876,2016,10,501.53822165331263
4825,149298,-70.10749,44.14392,2016-10-01,0.5126342,2016,10,501.53822165331263
4826,149299,-70.10711,44.14392,2016-10-01,0.6841536,2016,10,501.53822165331263
4827,149300,-70.10674,44.14392,2016-10-01,0.7973094,2016,10,501.53822165331263
4828,149301,-70.10636,44.14392,2016-10-01,0.9448336,2016,10,501.53822165331263
4829,149302,-70.10599,44.14392,2016-10-01,1.099126,2016,10,952.922621141294
4830,149303,-70.10561,44.14392,2016-10-01,1.14347,2016,10,952.922621141294
4831,149304,-70.10524,44.14392,2016-10-01,1.108783,2016,10,952.922621141294
4832,149305,-70.10486,44.14392,2016-10-01,1.032692,2016,10,952.922621141294
4833,149306,-70.10449,44.14392,2016-10-01,0.9607239,2016,10,501.53822165331263
4834,149307,-70.10411,44.14392,2016-10-01,0.9210088,2016,10,501.53822165331263
4835,149308,-70.10374,44.14392,2016-10-01,0.8930826,2016,10,501.53822165331263
4836,149309,-70.10336,44.14392,2016-10-01,0.8701142,2016,10,501.53822165331263
4837,149310,-70.10299,44.14392,2016-10-01,0.8346926,2016,10,501.53822165331263
4838,149311,-70.10261,44.14392,2016-10-01,0.7760057,2016,10,501.53822165331263
4839,149312,-70.10224,44.14392,2016-10-01,0.6221827,2016,10,501.53822165331263
4840,149313,-70.10186,44.14392,2016-10-01,0.4750805,2016,10,501.53822165331263
4841,149314,-70.10149,44.14392,2016-10-01,0.416083,2016,10,501.53822165331263
4842,149315,-70.10111,44.14392,2016-10-01,0.451824,2016,10,501.53822165331263
4843,149316,-70.10074,44.14392,2016-10-01,0.5323189,2016,10,501.53822165331263
4844,149317,-70.10036,44.14392,2016-10-01,0.5671231,2016,10,501.53822165331263
4845,149318,-70.09999,44.14392,2016-10-01,0.5766074,2016,10,501.53822165331263
4846,149319,-70.09961,44.14392,2016-10-01,0.6273032,2016,10,501.53822165331263
4847,149320,-70.09924,44.14392,2016-10-01,0.7760813,2016,10,501.53822165331263
4848,149321,-70.09886,44.14392,2016-10-01,0.914151,2016,10,501.53822165331263
4849,149322,-70.09849,44.14392,2016-10-01,1.057203,2016,10,952.922621141294
4850,149323,-70.09811,44.14392,2016-10-01,1.054552,2016,10,952.922621141294
4851,149324,-70.09774,44.14392,2016-10-01,0.8776138,2016,10,501.53822165331263
4852,149325,-70.09736,44.14392,2016-10-01,0.5807933,2016,10,501.53822165331263
4853,149326,-70.09699,44.14392,2016-10-01,0.2003052,2016,10,501.53822165331263
4854,149327,-70.09661,44.14392,2016-10-01,-0.1922827,2016,10,501.53822165331263
4855,149328,-70.09624,44.14392,2016-10-01,-0.6515256,2016,10,501.53822165331263
4856,149329,-70.09586,44.14392,2016-10-01,-1.146631,2016,10,50.15382216533126
4857,149330,-70.09549,44.14392,2016-10-01,-1.511797,2016,10,50.15382216533126
4858,149331,-70.09511,44.14392,2016-10-01,-1.679319,2016,10,50.15382216533126
4859,149332,-70.09474,44.14392,2016-10-01,-1.816567,2016,10,50.15382216533126
4860,149333,-70.09436,44.14392,2016-10-01,-1.592534,2016,10,50.15382216533126
4861,149334,-70.11124,44.14365,2016-10-01,-0.5014653,2016,10,501.53822165331263
4862,149335,-70.11086,44.14365,2016-10-01,-0.7083946,2016,10,501.53822165331263
4863,149336,-70.11049,44.14365,2016-10-01,-0.897915,2016,10,501.53822165331263
4864,149337,-70.11011,44.14365,2016-10-01,-0.9352651,2016,10,501.53822165331263
4865,149338,-70.10974,44.14365,2016-10-01,-0.8909724,2016,10,501.53822165331263
4866,149339,-70.10936,44.14365,2016-10-01,-0.7407486,2016,10,501.53822165331263
4867,149340,-70.10899,44.14365,2016-10-01,-0.5917318,2016,10,501.53822165331263
4868,149341,-70.10861,44.14365,2016-10-01,-0.4184872,2016,10,501.53822165331263
4869,149342,-70.10824,44.14365,2016-10-01,-0.2168141,2016,10,501.53822165331263
4870,149343,-70.10786,44.14365,2016-10-01,0.0454399,2016,10,501.53822165331263
4871,149344,-70.10749,44.14365,2016-10-01,0.3159768,2016,10,501.53822165331263
4872,149345,-70.10711,44.14365,2016-10-01,0.4626167,2016,10,501.53822165331263
4873,149346,-70.10674,44.14365,2016-10-01,0.5601867,2016,10,501.53822165331263
4874,149347,-70.10636,44.14365,2016-10-01,0.6717455,2016,10,501.53822165331263
4875,149348,-70.10599,44.14365,2016-10-01,0.8478386,2016,10,501.53822165331263
4876,149349,-70.10561,44.14365,2016-10-01,0.9996193,2016,10,501.53822165331263
4877,149350,-70.10524,44.14365,2016-10-01,1.042521,2016,10,952.922621141294
4878,149351,-70.10486,44.14365,2016-10-01,1.031664,2016,10,952.922621141294
4879,149352,-70.10449,44.14365,2016-10-01,0.9442354,2016,10,501.53822165331263
4880,149353,-70.10411,44.14365,2016-10-01,0.9290758,2016,10,501.53822165331263
4881,149354,-70.10374,44.14365,2016-10-01,0.9481627,2016,10,501.53822165331263
4882,149355,-70.10336,44.14365,2016-10-01,0.9768541,2016,10,501.53822165331263
4883,149356,-70.10299,44.14365,2016-10-01,0.9332105,2016,10,501.53822165331263
4884,149357,-70.10261,44.14365,2016-10-01,0.8125455,2016,10,501.53822165331263
4885,149358,-70.10224,44.14365,2016-10-01,0.6077735,2016,10,501.53822165331263
4886,149359,-70.10186,44.14365,2016-10-01,0.430766,2016,10,501.53822165331263
4887,149360,-70.10149,44.14365,2016-10-01,0.3827154,2016,10,501.53822165331263
4888,149361,-70.10111,44.14365,2016-10-01,0.3773198,2016,10,501.53822165331263
4889,149362,-70.10074,44.14365,2016-10-01,0.4042502,2016,10,501.53822165331263
4890,149363,-70.10036,44.14365,2016-10-01,0.4429186,2016,10,501.53822165331263
4891,149364,-70.09999,44.14365,2016-10-01,0.5059638,2016,10,501.53822165331263
4892,149365,-70.09961,44.14365,2016-10-01,0.6114492,2016,10,501.53822165331263
4893,149366,-70.09924,44.14365,2016-10-01,0.7538073,2016,10,501.53822165331263
4894,149367,-70.09886,44.14365,2016-10-01,0.8565071,2016,10,501.53822165331263
4895,149368,-70.09849,44.14365,2016-10-01,0.9356753,2016,10,501.53822165331263
4896,149369,-70.09811,44.14365,2016-10-01,0.9569539,2016,10,501.53822165331263
4897,149370,-70.09774,44.14365,2016-10-01,0.9310413,2016,10,501.53822165331263
4898,149371,-70.09736,44.14365,2016-10-01,0.8032616,2016,10,501.53822165331263
4899,149372,-70.09699,44.14365,2016-10-01,0.5051984,2016,10,501.53822165331263
4900,149373,-70.09661,44.14365,2016-10-01,0.09151332,2016,10,501.53822165331263
4901,149374,-70.09624,44.14365,2016-10-01,-0.4482244,2016,10,501.53822165331263
4902,149375,-70.09586,44.14365,2016-10-01,-0.9867129,2016,10,501.53822165331263
4903,149376,-70.09549,44.14365,2016-10-01,-1.423856,2016,10,50.15382216533126
4904,149377,-70.09511,44.14365,2016-10-01,-1.701912,2016,10,50.15382216533126
4905,149378,-70.09474,44.14365,2016-10-01,-2.079925,2016,10,10.030764433066253
4906,149379,-70.09436,44.14365,2016-10-01,-1.988056,2016,10,10.030764433066253
4907,149380,-70.09399,44.14365,2016-10-01,-1.765919,2016,10,50.15382216533126
4908,149381,-70.11086,44.14338,2016-10-01,-0.6917322,2016,10,501.53822165331263
4909,149382,-70.11049,44.14338,2016-10-01,-0.8728848,2016,10,501.53822165331263
4910,149383,-70.11011,44.14338,2016-10-01,-0.9179009,2016,10,501.53822165331263
4911,149384,-70.10974,44.14338,2016-10-01,-0.9898347,2016,10,501.53822165331263
4912,149385,-70.10936,44.14338,2016-10-01,-0.9112231,2016,10,501.53822165331263
4913,149386,-70.10899,44.14338,2016-10-01,-0.7374231,2016,10,501.53822165331263
4914,149387,-70.10861,44.14338,2016-10-01,-0.580631,2016,10,501.53822165331263
4915,149388,-70.10824,44.14338,2016-10-01,-0.3918906,2016,10,501.53822165331263
4916,149389,-70.10786,44.14338,2016-10-01,-0.1660996,2016,10,501.53822165331263
4917,149390,-70.10749,44.14338,2016-10-01,0.01518925,2016,10,501.53822165331263
4918,149391,-70.10711,44.14338,2016-10-01,0.1541843,2016,10,501.53822165331263
4919,149392,-70.10674,44.14338,2016-10-01,0.3099761,2016,10,501.53822165331263
4920,149393,-70.10636,44.14338,2016-10-01,0.4281463,2016,10,501.53822165331263
4921,149394,-70.10599,44.14338,2016-10-01,0.6292335,2016,10,501.53822165331263
4922,149395,-70.10561,44.14338,2016-10-01,0.8284015,2016,10,501.53822165331263
4923,149396,-70.10524,44.14338,2016-10-01,0.907292,2016,10,501.53822165331263
4924,149397,-70.10486,44.14338,2016-10-01,0.9523896,2016,10,501.53822165331263
4925,149398,-70.10449,44.14338,2016-10-01,0.9116085,2016,10,501.53822165331263
4926,149399,-70.10411,44.14338,2016-10-01,0.9221477,2016,10,501.53822165331263
4927,149400,-70.10374,44.14338,2016-10-01,0.9022185,2016,10,501.53822165331263
4928,149401,-70.10336,44.14338,2016-10-01,0.8895322,2016,10,501.53822165331263
4929,149402,-70.10299,44.14338,2016-10-01,0.8624184,2016,10,501.53822165331263
4930,149403,-70.10261,44.14338,2016-10-01,0.7805856,2016,10,501.53822165331263
4931,149404,-70.10224,44.14338,2016-10-01,0.6252507,2016,10,501.53822165331263
4932,149405,-70.10186,44.14338,2016-10-01,0.4385837,2016,10,501.53822165331263
4933,149406,-70.10149,44.14338,2016-10-01,0.3233151,2016,10,501.53822165331263
4934,149407,-70.10111,44.14338,2016-10-01,0.3197673,2016,10,501.53822165331263
4935,149408,-70.10074,44.14338,2016-10-01,0.3850203,2016,10,501.53822165331263
4936,149409,-70.10036,44.14338,2016-10-01,0.4614896,2016,10,501.53822165331263
4937,149410,-70.09999,44.14338,2016-10-01,0.5393578,2016,10,501.53822165331263
4938,149411,-70.09961,44.14338,2016-10-01,0.6652736,2016,10,501.53822165331263
4939,149412,-70.09924,44.14338,2016-10-01,0.8020364,2016,10,501.53822165331263
4940,149413,-70.09886,44.14338,2016-10-01,0.8852247,2016,10,501.53822165331263
4941,149414,-70.09849,44.14338,2016-10-01,0.8882115,2016,10,501.53822165331263
4942,149415,-70.09811,44.14338,2016-10-01,0.8443765,2016,10,501.53822165331263
4943,149416,-70.09774,44.14338,2016-10-01,0.859046,2016,10,501.53822165331263
4944,149417,-70.09736,44.14338,2016-10-01,0.8628946,2016,10,501.53822165331263
4945,149418,-70.09699,44.14338,2016-10-01,0.6867579,2016,10,501.53822165331263
4946,149419,-70.09661,44.14338,2016-10-01,0.3203257,2016,10,501.53822165331263
4947,149420,-70.09624,44.14338,2016-10-01,-0.2617638,2016,10,501.53822165331263
4948,149421,-70.09586,44.14338,2016-10-01,-0.8525794,2016,10,501.53822165331263
4949,149422,-70.09549,44.14338,2016-10-01,-1.323301,2016,10,50.15382216533126
4950,149423,-70.09511,44.14338,2016-10-01,-1.699328,2016,10,50.15382216533126
4951,149424,-70.09474,44.14338,2016-10-01,-2.113492,2016,10,10.030764433066253
4952,149425,-70.09436,44.14338,2016-10-01,-2.106768,2016,10,10.030764433066253
4953,149426,-70.09399,44.14338,2016-10-01,-1.930969,2016,10,50.15382216533126
4954,149427,-70.11049,44.14311,2016-10-01,-0.7917387,2016,10,501.53822165331263
4955,149428,-70.11011,44.14311,2016-10-01,-0.8581853,2016,10,501.53822165331263
4956,149429,-70.10974,44.14311,2016-10-01,-1.005189,2016,10,50.15382216533126
4957,149430,-70.10936,44.14311,2016-10-01,-1.000197,2016,10,50.15382216533126
4958,149431,-70.10899,44.14311,2016-10-01,-0.8904686,2016,10,501.53822165331263
4959,149432,-70.10861,44.14311,2016-10-01,-0.7711145,2016,10,501.53822165331263
4960,149433,-70.10824,44.14311,2016-10-01,-0.6051066,2016,10,501.53822165331263
4961,149434,-70.10786,44.14311,2016-10-01,-0.4077506,2016,10,501.53822165331263
4962,149435,-70.10749,44.14311,2016-10-01,-0.2265096,2016,10,501.53822165331263
4963,149436,-70.10711,44.14311,2016-10-01,-0.1107764,2016,10,501.53822165331263
4964,149437,-70.10674,44.14311,2016-10-01,-0.0204836,2016,10,501.53822165331263
4965,149438,-70.10636,44.14311,2016-10-01,0.1204311,2016,10,501.53822165331263
4966,149439,-70.10599,44.14311,2016-10-01,0.3420218,2016,10,501.53822165331263
4967,149440,-70.10561,44.14311,2016-10-01,0.5317277,2016,10,501.53822165331263
4968,149441,-70.10524,44.14311,2016-10-01,0.6389216,2016,10,501.53822165331263
4969,149442,-70.10486,44.14311,2016-10-01,0.7097469,2016,10,501.53822165331263
4970,149443,-70.10449,44.14311,2016-10-01,0.7283719,2016,10,501.53822165331263
4971,149444,-70.10411,44.14311,2016-10-01,0.7753586,2016,10,501.53822165331263
4972,149445,-70.10374,44.14311,2016-10-01,0.8113559,2016,10,501.53822165331263
4973,149446,-70.10336,44.14311,2016-10-01,0.8588073,2016,10,501.53822165331263
4974,149447,-70.10299,44.14311,2016-10-01,0.8413809,2016,10,501.53822165331263
4975,149448,-70.10261,44.14311,2016-10-01,0.7118276,2016,10,501.53822165331263
4976,149449,-70.10224,44.14311,2016-10-01,0.5342157,2016,10,501.53822165331263
4977,149450,-70.10186,44.14311,2016-10-01,0.3841446,2016,10,501.53822165331263
4978,149451,-70.10149,44.14311,2016-10-01,0.3103308,2016,10,501.53822165331263
4979,149452,-70.10111,44.14311,2016-10-01,0.3306312,2016,10,501.53822165331263
4980,149453,-70.10074,44.14311,2016-10-01,0.3961495,2016,10,501.53822165331263
4981,149454,-70.10036,44.14311,2016-10-01,0.509894,2016,10,501.53822165331263
4982,149455,-70.09999,44.14311,2016-10-01,0.6445644,2016,10,501.53822165331263
4983,149456,-70.09961,44.14311,2016-10-01,0.7687889,2016,10,501.53822165331263
4984,149457,-70.09924,44.14311,2016-10-01,0.867772,2016,10,501.53822165331263
4985,149458,-70.09886,44.14311,2016-10-01,0.8927944,2016,10,501.53822165331263
4986,149459,-70.09849,44.14311,2016-10-01,0.8359178,2016,10,501.53822165331263
4987,149460,-70.09811,44.14311,2016-10-01,0.7504283,2016,10,501.53822165331263
4988,149461,-70.09774,44.14311,2016-10-01,0.7463171,2016,10,501.53822165331263
4989,149462,-70.09736,44.14311,2016-10-01,0.8060736,2016,10,501.53822165331263
4990,149463,-70.09699,44.14311,2016-10-01,0.725159,2016,10,501.53822165331263
4991,149464,-70.09661,44.14311,2016-10-01,0.4254004,2016,10,501.53822165331263
4992,149465,-70.09624,44.14311,2016-10-01,-0.1228165,2016,10,501.53822165331263
4993,149466,-70.09586,44.14311,2016-10-01,-0.7147561,2016,10,501.53822165331263
4994,149467,-70.09549,44.14311,2016-10-01,-1.217564,2016,10,50.15382216533126
4995,149468,-70.09511,44.14311,2016-10-01,-1.661066,2016,10,50.15382216533126
4996,149469,-70.09474,44.14311,2016-10-01,-1.937613,2016,10,50.15382216533126
4997,149470,-70.09436,44.14311,2016-10-01,-1.843162,2016,10,50.15382216533126
4998,149471,-70.11049,44.14284,2016-10-01,-0.7314308,2016,10,501.53822165331263
4999,149472,-70.11011,44.14284,2016-10-01,-0.8361787,2016,10,501.53822165331263
5000,149473,-70.10974,44.14284,2016-10-01,-1.052735,2016,10,50.15382216533126
5001,149474,-70.10936,44.14284,2016-10-01,-1.147603,2016,10,50.15382216533126
5002,149475,-70.10899,44.14284,2016-10-01,-1.103295,2016,10,50.15382216533126
5003,149476,-70.10861,44.14284,2016-10-01,-0.9351016,2016,10,501.53822165331263
5004,149477,-70.10824,44.14284,2016-10-01,-0.7044134,2016,10,501.53822165331263
5005,149478,-70.10786,44.14284,2016-10-01,-0.5385081,2016,10,501.53822165331263
5006,149479,-70.10749,44.14284,2016-10-01,-0.4041127,2016,10,501.53822165331263
5007,149480,-70.10711,44.14284,2016-10-01,-0.3411139,2016,10,501.53822165331263
5008,149481,-70.10674,44.14284,2016-10-01,-0.2950375,2016,10,501.53822165331263
5009,149482,-70.10636,44.14284,2016-10-01,-0.1533986,2016,10,501.53822165331263
5010,149483,-70.10599,44.14284,2016-10-01,0.01745642,2016,10,501.53822165331263
5011,149484,-70.10561,44.14284,2016-10-01,0.2227106,2016,10,501.53822165331263
5012,149485,-70.10524,44.14284,2016-10-01,0.3583696,2016,10,501.53822165331263
5013,149486,-70.10486,44.14284,2016-10-01,0.418219,2016,10,501.53822165331263
5014,149487,-70.10449,44.14284,2016-10-01,0.4575411,2016,10,501.53822165331263
5015,149488,-70.10411,44.14284,2016-10-01,0.5282342,2016,10,501.53822165331263
5016,149489,-70.10374,44.14284,2016-10-01,0.6540837,2016,10,501.53822165331263
5017,149490,-70.10336,44.14284,2016-10-01,0.7394551,2016,10,501.53822165331263
5018,149491,-70.10299,44.14284,2016-10-01,0.7403987,2016,10,501.53822165331263
5019,149492,-70.10261,44.14284,2016-10-01,0.6509926,2016,10,501.53822165331263
5020,149493,-70.10224,44.14284,2016-10-01,0.4945568,2016,10,501.53822165331263
5021,149494,-70.10186,44.14284,2016-10-01,0.3756427,2016,10,501.53822165331263
5022,149495,-70.10149,44.14284,2016-10-01,0.3224735,2016,10,501.53822165331263
5023,149496,-70.10111,44.14284,2016-10-01,0.3481353,2016,10,501.53822165331263
5024,149497,-70.10074,44.14284,2016-10-01,0.4503837,2016,10,501.53822165331263
5025,149498,-70.10036,44.14284,2016-10-01,0.5820288,2016,10,501.53822165331263
5026,149499,-70.09999,44.14284,2016-10-01,0.6849618,2016,10,501.53822165331263
5027,149500,-70.09961,44.14284,2016-10-01,0.7700445,2016,10,501.53822165331263
5028,149501,-70.09924,44.14284,2016-10-01,0.8512665,2016,10,501.53822165331263
5029,149502,-70.09886,44.14284,2016-10-01,0.8565395,2016,10,501.53822165331263
5030,149503,-70.09849,44.14284,2016-10-01,0.7306703,2016,10,501.53822165331263
5031,149504,-70.09811,44.14284,2016-10-01,0.5571234,2016,10,501.53822165331263
5032,149505,-70.09774,44.14284,2016-10-01,0.4852473,2016,10,501.53822165331263
5033,149506,-70.09736,44.14284,2016-10-01,0.5437576,2016,10,501.53822165331263
5034,149507,-70.09699,44.14284,2016-10-01,0.5652199,2016,10,501.53822165331263
5035,149508,-70.09661,44.14284,2016-10-01,0.3756196,2016,10,501.53822165331263
5036,149509,-70.09624,44.14284,2016-10-01,-0.08344879,2016,10,501.53822165331263
5037,149510,-70.09586,44.14284,2016-10-01,-0.6328754,2016,10,501.53822165331263
5038,149511,-70.09549,44.14284,2016-10-01,-1.128651,2016,10,50.15382216533126
5039,149512,-70.09511,44.14284,2016-10-01,-1.533989,2016,10,50.15382216533126
5040,149513,-70.09474,44.14284,2016-10-01,-1.643336,2016,10,50.15382216533126
5041,149514,-70.09436,44.14284,2016-10-01,-1.587228,2016,10,50.15382216533126
5042,149515,-70.11049,44.14257,2016-10-01,-0.4888796,2016,10,501.53822165331263
5043,149516,-70.11011,44.14257,2016-10-01,-0.6654578,2016,10,501.53822165331263
5044,149517,-70.10974,44.14257,2016-10-01,-1.008047,2016,10,50.15382216533126
5045,149518,-70.10936,44.14257,2016-10-01,-1.197173,2016,10,50.15382216533126
5046,149519,-70.10899,44.14257,2016-10-01,-1.257124,2016,10,50.15382216533126
5047,149520,-70.10861,44.14257,2016-10-01,-1.121579,2016,10,50.15382216533126
5048,149521,-70.10824,44.14257,2016-10-01,-0.8520968,2016,10,501.53822165331263
5049,149522,-70.10786,44.14257,2016-10-01,-0.6744545,2016,10,501.53822165331263
5050,149523,-70.10749,44.14257,2016-10-01,-0.5300468,2016,10,501.53822165331263
5051,149524,-70.10711,44.14257,2016-10-01,-0.4794092,2016,10,501.53822165331263
5052,149525,-70.10674,44.14257,2016-10-01,-0.4706396,2016,10,501.53822165331263
5053,149526,-70.10636,44.14257,2016-10-01,-0.3462141,2016,10,501.53822165331263
5054,149527,-70.10599,44.14257,2016-10-01,-0.247623,2016,10,501.53822165331263
5055,149528,-70.10561,44.14257,2016-10-01,-0.08736488,2016,10,501.53822165331263
5056,149529,-70.10524,44.14257,2016-10-01,0.03629766,2016,10,501.53822165331263
5057,149530,-70.10486,44.14257,2016-10-01,0.1142353,2016,10,501.53822165331263
5058,149531,-70.10449,44.14257,2016-10-01,0.2355251,2016,10,501.53822165331263
5059,149532,-70.10411,44.14257,2016-10-01,0.3731357,2016,10,501.53822165331263
5060,149533,-70.10374,44.14257,2016-10-01,0.6050607,2016,10,501.53822165331263
5061,149534,-70.10336,44.14257,2016-10-01,0.7532115,2016,10,501.53822165331263
5062,149535,-70.10299,44.14257,2016-10-01,0.760644,2016,10,501.53822165331263
5063,149536,-70.10261,44.14257,2016-10-01,0.6870831,2016,10,501.53822165331263
5064,149537,-70.10224,44.14257,2016-10-01,0.5215697,2016,10,501.53822165331263
5065,149538,-70.10186,44.14257,2016-10-01,0.4240241,2016,10,501.53822165331263
5066,149539,-70.10149,44.14257,2016-10-01,0.3991102,2016,10,501.53822165331263
5067,149540,-70.10111,44.14257,2016-10-01,0.4324783,2016,10,501.53822165331263
5068,149541,-70.10074,44.14257,2016-10-01,0.5100964,2016,10,501.53822165331263
5069,149542,-70.10036,44.14257,2016-10-01,0.5863957,2016,10,501.53822165331263
5070,149543,-70.09999,44.14257,2016-10-01,0.6657643,2016,10,501.53822165331263
5071,149544,-70.09961,44.14257,2016-10-01,0.7470351,2016,10,501.53822165331263
5072,149545,-70.09924,44.14257,2016-10-01,0.7915193,2016,10,501.53822165331263
5073,149546,-70.09886,44.14257,2016-10-01,0.7445339,2016,10,501.53822165331263
5074,149547,-70.09849,44.14257,2016-10-01,0.5702173,2016,10,501.53822165331263
5075,149548,-70.09811,44.14257,2016-10-01,0.353964,2016,10,501.53822165331263
5076,149549,-70.09774,44.14257,2016-10-01,0.2145639,2016,10,501.53822165331263
5077,149550,-70.09736,44.14257,2016-10-01,0.2083525,2016,10,501.53822165331263
5078,149551,-70.09699,44.14257,2016-10-01,0.2582762,2016,10,501.53822165331263
5079,149552,-70.09661,44.14257,2016-10-01,0.1656717,2016,10,501.53822165331263
5080,149553,-70.09624,44.14257,2016-10-01,-0.160142,2016,10,501.53822165331263
5081,149554,-70.09586,44.14257,2016-10-01,-0.6113499,2016,10,501.53822165331263
5082,149555,-70.09549,44.14257,2016-10-01,-1.01716,2016,10,50.15382216533126
5083,149556,-70.09511,44.14257,2016-10-01,-1.317202,2016,10,50.15382216533126
5084,149557,-70.09474,44.14257,2016-10-01,-1.299444,2016,10,50.15382216533126
5085,149558,-70.09436,44.14257,2016-10-01,-1.169027,2016,10,50.15382216533126
5086,149559,-70.11011,44.1423,2016-10-01,-0.6436001,2016,10,501.53822165331263
5087,149560,-70.10974,44.1423,2016-10-01,-0.9060817,2016,10,501.53822165331263
5088,149561,-70.10936,44.1423,2016-10-01,-1.070891,2016,10,50.15382216533126
5089,149562,-70.10899,44.1423,2016-10-01,-1.202511,2016,10,50.15382216533126
5090,149563,-70.10861,44.1423,2016-10-01,-1.13147,2016,10,50.15382216533126
5091,149564,-70.10824,44.1423,2016-10-01,-0.9268282,2016,10,501.53822165331263
5092,149565,-70.10786,44.1423,2016-10-01,-0.7327666,2016,10,501.53822165331263
5093,149566,-70.10749,44.1423,2016-10-01,-0.575681,2016,10,501.53822165331263
5094,149567,-70.10711,44.1423,2016-10-01,-0.51279,2016,10,501.53822165331263
5095,149568,-70.10674,44.1423,2016-10-01,-0.4787194,2016,10,501.53822165331263
5096,149569,-70.10636,44.1423,2016-10-01,-0.4260464,2016,10,501.53822165331263
5097,149570,-70.10599,44.1423,2016-10-01,-0.3840148,2016,10,501.53822165331263
5098,149571,-70.10561,44.1423,2016-10-01,-0.2661688,2016,10,501.53822165331263
5099,149572,-70.10524,44.1423,2016-10-01,-0.159841,2016,10,501.53822165331263
5100,149573,-70.10486,44.1423,2016-10-01,-0.07201531,2016,10,501.53822165331263
5101,149574,-70.10449,44.1423,2016-10-01,0.05670031,2016,10,501.53822165331263
5102,149575,-70.10411,44.1423,2016-10-01,0.2013349,2016,10,501.53822165331263
5103,149576,-70.10374,44.1423,2016-10-01,0.4406138,2016,10,501.53822165331263
5104,149577,-70.10336,44.1423,2016-10-01,0.6386492,2016,10,501.53822165331263
5105,149578,-70.10299,44.1423,2016-10-01,0.6940501,2016,10,501.53822165331263
5106,149579,-70.10261,44.1423,2016-10-01,0.6585271,2016,10,501.53822165331263
5107,149580,-70.10224,44.1423,2016-10-01,0.5078556,2016,10,501.53822165331263
5108,149581,-70.10186,44.1423,2016-10-01,0.4179657,2016,10,501.53822165331263
5109,149582,-70.10149,44.1423,2016-10-01,0.3825525,2016,10,501.53822165331263
5110,149583,-70.10111,44.1423,2016-10-01,0.399615,2016,10,501.53822165331263
5111,149584,-70.10074,44.1423,2016-10-01,0.4784095,2016,10,501.53822165331263
5112,149585,-70.10036,44.1423,2016-10-01,0.5530193,2016,10,501.53822165331263
5113,149586,-70.09999,44.1423,2016-10-01,0.6420882,2016,10,501.53822165331263
5114,149587,-70.09961,44.1423,2016-10-01,0.7235246,2016,10,501.53822165331263
5115,149588,-70.09924,44.1423,2016-10-01,0.7630396,2016,10,501.53822165331263
5116,149589,-70.09886,44.1423,2016-10-01,0.7121079,2016,10,501.53822165331263
5117,149590,-70.09849,44.1423,2016-10-01,0.5154623,2016,10,501.53822165331263
5118,149591,-70.09811,44.1423,2016-10-01,0.2446713,2016,10,501.53822165331263
5119,149592,-70.09774,44.1423,2016-10-01,0.0212355,2016,10,501.53822165331263
5120,149593,-70.09736,44.1423,2016-10-01,-0.050507,2016,10,501.53822165331263
5121,149594,-70.09699,44.1423,2016-10-01,-0.008741431,2016,10,501.53822165331263
5122,149595,-70.09661,44.1423,2016-10-01,-0.04662383,2016,10,501.53822165331263
5123,149596,-70.09624,44.1423,2016-10-01,-0.2450357,2016,10,501.53822165331263
5124,149597,-70.09586,44.1423,2016-10-01,-0.5580748,2016,10,501.53822165331263
5125,149598,-70.09549,44.1423,2016-10-01,-0.8501742,2016,10,501.53822165331263
5126,149599,-70.09511,44.1423,2016-10-01,-1.07026,2016,10,50.15382216533126
5127,149600,-70.09474,44.1423,2016-10-01,-1.085814,2016,10,50.15382216533126
5128,149601,-70.09436,44.1423,2016-10-01,-1.005909,2016,10,50.15382216533126
5129,149602,-70.10974,44.14203,2016-10-01,-1.03997,2016,10,50.15382216533126
5130,149603,-70.10936,44.14203,2016-10-01,-1.228968,2016,10,50.15382216533126
5131,149604,-70.10899,44.14203,2016-10-01,-1.366512,2016,10,50.15382216533126
5132,149605,-70.10861,44.14203,2016-10-01,-1.285821,2016,10,50.15382216533126
5133,149606,-70.10824,44.14203,2016-10-01,-1.083015,2016,10,50.15382216533126
5134,149607,-70.10786,44.14203,2016-10-01,-0.8584687,2016,10,501.53822165331263
5135,149608,-70.10749,44.14203,2016-10-01,-0.6852807,2016,10,501.53822165331263
5136,149609,-70.10711,44.14203,2016-10-01,-0.56974,2016,10,501.53822165331263
5137,149610,-70.10674,44.14203,2016-10-01,-0.4616767,2016,10,501.53822165331263
5138,149611,-70.10636,44.14203,2016-10-01,-0.4157437,2016,10,501.53822165331263
5139,149612,-70.10599,44.14203,2016-10-01,-0.4012007,2016,10,501.53822165331263
5140,149613,-70.10561,44.14203,2016-10-01,-0.3315391,2016,10,501.53822165331263
5141,149614,-70.10524,44.14203,2016-10-01,-0.2444348,2016,10,501.53822165331263
5142,149615,-70.10486,44.14203,2016-10-01,-0.1325178,2016,10,501.53822165331263
5143,149616,-70.10449,44.14203,2016-10-01,0.03448489,2016,10,501.53822165331263
5144,149617,-70.10411,44.14203,2016-10-01,0.2336789,2016,10,501.53822165331263
5145,149618,-70.10374,44.14203,2016-10-01,0.4356893,2016,10,501.53822165331263
5146,149619,-70.10336,44.14203,2016-10-01,0.5999714,2016,10,501.53822165331263
5147,149620,-70.10299,44.14203,2016-10-01,0.6319781,2016,10,501.53822165331263
5148,149621,-70.10261,44.14203,2016-10-01,0.5839929,2016,10,501.53822165331263
5149,149622,-70.10224,44.14203,2016-10-01,0.4837092,2016,10,501.53822165331263
5150,149623,-70.10186,44.14203,2016-10-01,0.4193939,2016,10,501.53822165331263
5151,149624,-70.10149,44.14203,2016-10-01,0.390436,2016,10,501.53822165331263
5152,149625,-70.10111,44.14203,2016-10-01,0.4035503,2016,10,501.53822165331263
5153,149626,-70.10074,44.14203,2016-10-01,0.4929439,2016,10,501.53822165331263
5154,149627,-70.10036,44.14203,2016-10-01,0.5662011,2016,10,501.53822165331263
5155,149628,-70.09999,44.14203,2016-10-01,0.6452087,2016,10,501.53822165331263
5156,149629,-70.09961,44.14203,2016-10-01,0.7163796,2016,10,501.53822165331263
5157,149630,-70.09924,44.14203,2016-10-01,0.7121692,2016,10,501.53822165331263
5158,149631,-70.09886,44.14203,2016-10-01,0.625352,2016,10,501.53822165331263
5159,149632,-70.09849,44.14203,2016-10-01,0.4245971,2016,10,501.53822165331263
5160,149633,-70.09811,44.14203,2016-10-01,0.1577238,2016,10,501.53822165331263
5161,149634,-70.09774,44.14203,2016-10-01,-0.07206749,2016,10,501.53822165331263
5162,149635,-70.09736,44.14203,2016-10-01,-0.2246658,2016,10,501.53822165331263
5163,149636,-70.09699,44.14203,2016-10-01,-0.2636859,2016,10,501.53822165331263
5164,149637,-70.09661,44.14203,2016-10-01,-0.2551233,2016,10,501.53822165331263
5165,149638,-70.09624,44.14203,2016-10-01,-0.3580668,2016,10,501.53822165331263
5166,149639,-70.09586,44.14203,2016-10-01,-0.5450691,2016,10,501.53822165331263
5167,149640,-70.09549,44.14203,2016-10-01,-0.7154139,2016,10,501.53822165331263
5168,149641,-70.09511,44.14203,2016-10-01,-0.8833404,2016,10,501.53822165331263
5169,149642,-70.09474,44.14203,2016-10-01,-0.9549429,2016,10,501.53822165331263
5170,149643,-70.09436,44.14203,2016-10-01,-0.9780601,2016,10,501.53822165331263
5171,149644,-70.10974,44.14176,2016-10-01,-1.280585,2016,10,50.15382216533126
5172,149645,-70.10936,44.14176,2016-10-01,-1.479171,2016,10,50.15382216533126
5173,149646,-70.10899,44.14176,2016-10-01,-1.651796,2016,10,50.15382216533126
5174,149647,-70.10861,44.14176,2016-10-01,-1.468234,2016,10,50.15382216533126
5175,149648,-70.10824,44.14176,2016-10-01,-1.103631,2016,10,50.15382216533126
5176,149649,-70.10786,44.14176,2016-10-01,-0.896458,2016,10,501.53822165331263
5177,149650,-70.10749,44.14176,2016-10-01,-0.7591067,2016,10,501.53822165331263
5178,149651,-70.10711,44.14176,2016-10-01,-0.6568773,2016,10,501.53822165331263
5179,149652,-70.10674,44.14176,2016-10-01,-0.5787122,2016,10,501.53822165331263
5180,149653,-70.10636,44.14176,2016-10-01,-0.5082645,2016,10,501.53822165331263
5181,149654,-70.10599,44.14176,2016-10-01,-0.4403595,2016,10,501.53822165331263
5182,149655,-70.10561,44.14176,2016-10-01,-0.3562584,2016,10,501.53822165331263
5183,149656,-70.10524,44.14176,2016-10-01,-0.244577,2016,10,501.53822165331263
5184,149657,-70.10486,44.14176,2016-10-01,-0.1054175,2016,10,501.53822165331263
5185,149658,-70.10449,44.14176,2016-10-01,0.03103147,2016,10,501.53822165331263
5186,149659,-70.10411,44.14176,2016-10-01,0.1886104,2016,10,501.53822165331263
5187,149660,-70.10374,44.14176,2016-10-01,0.3321853,2016,10,501.53822165331263
5188,149661,-70.10336,44.14176,2016-10-01,0.4316156,2016,10,501.53822165331263
5189,149662,-70.10299,44.14176,2016-10-01,0.4460251,2016,10,501.53822165331263
5190,149663,-70.10261,44.14176,2016-10-01,0.4212832,2016,10,501.53822165331263
5191,149664,-70.10224,44.14176,2016-10-01,0.3695728,2016,10,501.53822165331263
5192,149665,-70.10186,44.14176,2016-10-01,0.3192916,2016,10,501.53822165331263
5193,149666,-70.10149,44.14176,2016-10-01,0.3282697,2016,10,501.53822165331263
5194,149667,-70.10111,44.14176,2016-10-01,0.3642632,2016,10,501.53822165331263
5195,149668,-70.10074,44.14176,2016-10-01,0.4505957,2016,10,501.53822165331263
5196,149669,-70.10036,44.14176,2016-10-01,0.5649028,2016,10,501.53822165331263
5197,149670,-70.09999,44.14176,2016-10-01,0.6879265,2016,10,501.53822165331263
5198,149671,-70.09961,44.14176,2016-10-01,0.753333,2016,10,501.53822165331263
5199,149672,-70.09924,44.14176,2016-10-01,0.7062001,2016,10,501.53822165331263
5200,149673,-70.09886,44.14176,2016-10-01,0.5867483,2016,10,501.53822165331263
5201,149674,-70.09849,44.14176,2016-10-01,0.4017398,2016,10,501.53822165331263
5202,149675,-70.09811,44.14176,2016-10-01,0.11676,2016,10,501.53822165331263
5203,149676,-70.09774,44.14176,2016-10-01,-0.1542663,2016,10,501.53822165331263
5204,149677,-70.09736,44.14176,2016-10-01,-0.3276637,2016,10,501.53822165331263
5205,149678,-70.09699,44.14176,2016-10-01,-0.3843248,2016,10,501.53822165331263
5206,149679,-70.09661,44.14176,2016-10-01,-0.3708444,2016,10,501.53822165331263
5207,149680,-70.09624,44.14176,2016-10-01,-0.4432565,2016,10,501.53822165331263
5208,149681,-70.09586,44.14176,2016-10-01,-0.5357994,2016,10,501.53822165331263
5209,149682,-70.09549,44.14176,2016-10-01,-0.623421,2016,10,501.53822165331263
5210,149683,-70.09511,44.14176,2016-10-01,-0.7621864,2016,10,501.53822165331263
5211,149684,-70.09474,44.14176,2016-10-01,-0.8836444,2016,10,501.53822165331263
5212,149685,-70.09436,44.14176,2016-10-01,-0.9905724,2016,10,501.53822165331263
5213,149686,-70.09399,44.14176,2016-10-01,-1.028181,2016,10,50.15382216533126
5214,149687,-70.09361,44.14176,2016-10-01,-0.9176154,2016,10,501.53822165331263
5215,149688,-70.09324,44.14176,2016-10-01,-0.816142,2016,10,501.53822165331263
5216,149689,-70.10936,44.14149,2016-10-01,-1.310189,2016,10,50.15382216533126
5217,149690,-70.10899,44.14149,2016-10-01,-1.466502,2016,10,50.15382216533126
5218,149691,-70.10861,44.14149,2016-10-01,-1.501066,2016,10,50.15382216533126
5219,149692,-70.10824,44.14149,2016-10-01,-1.192594,2016,10,50.15382216533126
5220,149693,-70.10786,44.14149,2016-10-01,-1.000304,2016,10,50.15382216533126
5221,149694,-70.10749,44.14149,2016-10-01,-0.8366594,2016,10,501.53822165331263
5222,149695,-70.10711,44.14149,2016-10-01,-0.7195605,2016,10,501.53822165331263
5223,149696,-70.10674,44.14149,2016-10-01,-0.646321,2016,10,501.53822165331263
5224,149697,-70.10636,44.14149,2016-10-01,-0.5975567,2016,10,501.53822165331263
5225,149698,-70.10599,44.14149,2016-10-01,-0.4915265,2016,10,501.53822165331263
5226,149699,-70.10561,44.14149,2016-10-01,-0.3821268,2016,10,501.53822165331263
5227,149700,-70.10524,44.14149,2016-10-01,-0.2555628,2016,10,501.53822165331263
5228,149701,-70.10486,44.14149,2016-10-01,-0.08730152,2016,10,501.53822165331263
5229,149702,-70.10449,44.14149,2016-10-01,0.08027686,2016,10,501.53822165331263
5230,149703,-70.10411,44.14149,2016-10-01,0.2542787,2016,10,501.53822165331263
5231,149704,-70.10374,44.14149,2016-10-01,0.3632714,2016,10,501.53822165331263
5232,149705,-70.10336,44.14149,2016-10-01,0.3688532,2016,10,501.53822165331263
5233,149706,-70.10299,44.14149,2016-10-01,0.3431332,2016,10,501.53822165331263
5234,149707,-70.10261,44.14149,2016-10-01,0.3049897,2016,10,501.53822165331263
5235,149708,-70.10224,44.14149,2016-10-01,0.281029,2016,10,501.53822165331263
5236,149709,-70.10186,44.14149,2016-10-01,0.2789406,2016,10,501.53822165331263
5237,149710,-70.10149,44.14149,2016-10-01,0.3023685,2016,10,501.53822165331263
5238,149711,-70.10111,44.14149,2016-10-01,0.3621811,2016,10,501.53822165331263
5239,149712,-70.10074,44.14149,2016-10-01,0.4580823,2016,10,501.53822165331263
5240,149713,-70.10036,44.14149,2016-10-01,0.5645294,2016,10,501.53822165331263
5241,149714,-70.09999,44.14149,2016-10-01,0.6686793,2016,10,501.53822165331263
5242,149715,-70.09961,44.14149,2016-10-01,0.7158931,2016,10,501.53822165331263
5243,149716,-70.09924,44.14149,2016-10-01,0.6547025,2016,10,501.53822165331263
5244,149717,-70.09886,44.14149,2016-10-01,0.4853668,2016,10,501.53822165331263
5245,149718,-70.09849,44.14149,2016-10-01,0.2710214,2016,10,501.53822165331263
5246,149719,-70.09811,44.14149,2016-10-01,0.0301334,2016,10,501.53822165331263
5247,149720,-70.09774,44.14149,2016-10-01,-0.209044,2016,10,501.53822165331263
5248,149721,-70.09736,44.14149,2016-10-01,-0.4072977,2016,10,501.53822165331263
5249,149722,-70.09699,44.14149,2016-10-01,-0.49092,2016,10,501.53822165331263
5250,149723,-70.09661,44.14149,2016-10-01,-0.457098,2016,10,501.53822165331263
5251,149724,-70.09624,44.14149,2016-10-01,-0.4761413,2016,10,501.53822165331263
5252,149725,-70.09586,44.14149,2016-10-01,-0.5460948,2016,10,501.53822165331263
5253,149726,-70.09549,44.14149,2016-10-01,-0.6614362,2016,10,501.53822165331263
5254,149727,-70.09511,44.14149,2016-10-01,-0.7794634,2016,10,501.53822165331263
5255,149728,-70.09474,44.14149,2016-10-01,-0.8819855,2016,10,501.53822165331263
5256,149729,-70.09436,44.14149,2016-10-01,-1.007475,2016,10,50.15382216533126
5257,149730,-70.09399,44.14149,2016-10-01,-1.050868,2016,10,50.15382216533126
5258,149731,-70.09361,44.14149,2016-10-01,-0.948619,2016,10,501.53822165331263
5259,149732,-70.09324,44.14149,2016-10-01,-0.852065,2016,10,501.53822165331263
5260,149733,-70.10899,44.14122,2016-10-01,-1.45062,2016,10,50.15382216533126
5261,149734,-70.10861,44.14122,2016-10-01,-1.326085,2016,10,50.15382216533126
5262,149735,-70.10824,44.14122,2016-10-01,-0.8936875,2016,10,501.53822165331263
5263,149736,-70.10786,44.14122,2016-10-01,-0.8225164,2016,10,501.53822165331263
5264,149737,-70.10749,44.14122,2016-10-01,-0.7615436,2016,10,501.53822165331263
5265,149738,-70.10711,44.14122,2016-10-01,-0.7857648,2016,10,501.53822165331263
5266,149739,-70.10674,44.14122,2016-10-01,-0.7583572,2016,10,501.53822165331263
5267,149740,-70.10636,44.14122,2016-10-01,-0.7102471,2016,10,501.53822165331263
5268,149741,-70.10599,44.14122,2016-10-01,-0.5811969,2016,10,501.53822165331263
5269,149742,-70.10561,44.14122,2016-10-01,-0.4210021,2016,10,501.53822165331263
5270,149743,-70.10524,44.14122,2016-10-01,-0.2838147,2016,10,501.53822165331263
5271,149744,-70.10486,44.14122,2016-10-01,-0.1626333,2016,10,501.53822165331263
5272,149745,-70.10449,44.14122,2016-10-01,0.00154693,2016,10,501.53822165331263
5273,149746,-70.10411,44.14122,2016-10-01,0.148373,2016,10,501.53822165331263
5274,149747,-70.10374,44.14122,2016-10-01,0.241997,2016,10,501.53822165331263
5275,149748,-70.10336,44.14122,2016-10-01,0.2722046,2016,10,501.53822165331263
5276,149749,-70.10299,44.14122,2016-10-01,0.2485723,2016,10,501.53822165331263
5277,149750,-70.10261,44.14122,2016-10-01,0.2082998,2016,10,501.53822165331263
5278,149751,-70.10224,44.14122,2016-10-01,0.1773425,2016,10,501.53822165331263
5279,149752,-70.10186,44.14122,2016-10-01,0.1958093,2016,10,501.53822165331263
5280,149753,-70.10149,44.14122,2016-10-01,0.2275597,2016,10,501.53822165331263
5281,149754,-70.10111,44.14122,2016-10-01,0.2781242,2016,10,501.53822165331263
5282,149755,-70.10074,44.14122,2016-10-01,0.3668626,2016,10,501.53822165331263
5283,149756,-70.10036,44.14122,2016-10-01,0.5389262,2016,10,501.53822165331263
5284,149757,-70.09999,44.14122,2016-10-01,0.6895964,2016,10,501.53822165331263
5285,149758,-70.09961,44.14122,2016-10-01,0.7071562,2016,10,501.53822165331263
5286,149759,-70.09924,44.14122,2016-10-01,0.5710247,2016,10,501.53822165331263
5287,149760,-70.09886,44.14122,2016-10-01,0.3868969,2016,10,501.53822165331263
5288,149761,-70.09849,44.14122,2016-10-01,0.1926061,2016,10,501.53822165331263
5289,149762,-70.09811,44.14122,2016-10-01,-0.03546371,2016,10,501.53822165331263
5290,149763,-70.09774,44.14122,2016-10-01,-0.2720543,2016,10,501.53822165331263
5291,149764,-70.09736,44.14122,2016-10-01,-0.4819417,2016,10,501.53822165331263
5292,149765,-70.09699,44.14122,2016-10-01,-0.5463227,2016,10,501.53822165331263
5293,149766,-70.09661,44.14122,2016-10-01,-0.4850189,2016,10,501.53822165331263
5294,149767,-70.09624,44.14122,2016-10-01,-0.4762944,2016,10,501.53822165331263
5295,149768,-70.09586,44.14122,2016-10-01,-0.5537021,2016,10,501.53822165331263
5296,149769,-70.09549,44.14122,2016-10-01,-0.7160159,2016,10,501.53822165331263
5297,149770,-70.09511,44.14122,2016-10-01,-0.8381655,2016,10,501.53822165331263
5298,149771,-70.09474,44.14122,2016-10-01,-0.8931373,2016,10,501.53822165331263
5299,149772,-70.09436,44.14122,2016-10-01,-0.9500634,2016,10,501.53822165331263
5300,149773,-70.09399,44.14122,2016-10-01,-0.9753066,2016,10,501.53822165331263
5301,149774,-70.09361,44.14122,2016-10-01,-0.8830655,2016,10,501.53822165331263
5302,149775,-70.09324,44.14122,2016-10-01,-1.079098,2016,10,50.15382216533126
5303,149776,-70.09286,44.14122,2016-10-01,-1.185034,2016,10,50.15382216533126
5304,149777,-70.09249,44.14122,2016-10-01,-0.8896783,2016,10,501.53822165331263
5305,149778,-70.10824,44.14095,2016-10-01,-0.8872295,2016,10,501.53822165331263
5306,149779,-70.10786,44.14095,2016-10-01,-0.7704103,2016,10,501.53822165331263
5307,149780,-70.10749,44.14095,2016-10-01,-0.6172686,2016,10,501.53822165331263
5308,149781,-70.10711,44.14095,2016-10-01,-0.6600925,2016,10,501.53822165331263
5309,149782,-70.10674,44.14095,2016-10-01,-0.7175454,2016,10,501.53822165331263
5310,149783,-70.10636,44.14095,2016-10-01,-0.7355346,2016,10,501.53822165331263
5311,149784,-70.10599,44.14095,2016-10-01,-0.6519662,2016,10,501.53822165331263
5312,149785,-70.10561,44.14095,2016-10-01,-0.4892469,2016,10,501.53822165331263
5313,149786,-70.10524,44.14095,2016-10-01,-0.3104972,2016,10,501.53822165331263
5314,149787,-70.10486,44.14095,2016-10-01,-0.1934086,2016,10,501.53822165331263
5315,149788,-70.10449,44.14095,2016-10-01,-0.05230992,2016,10,501.53822165331263
5316,149789,-70.10411,44.14095,2016-10-01,0.08322735,2016,10,501.53822165331263
5317,149790,-70.10374,44.14095,2016-10-01,0.1514253,2016,10,501.53822165331263
5318,149791,-70.10336,44.14095,2016-10-01,0.1353125,2016,10,501.53822165331263
5319,149792,-70.10299,44.14095,2016-10-01,0.07249712,2016,10,501.53822165331263
5320,149793,-70.10261,44.14095,2016-10-01,0.07835068,2016,10,501.53822165331263
5321,149794,-70.10224,44.14095,2016-10-01,0.1119789,2016,10,501.53822165331263
5322,149795,-70.10186,44.14095,2016-10-01,0.1837793,2016,10,501.53822165331263
5323,149796,-70.10149,44.14095,2016-10-01,0.2331998,2016,10,501.53822165331263
5324,149797,-70.10111,44.14095,2016-10-01,0.3288086,2016,10,501.53822165331263
5325,149798,-70.10074,44.14095,2016-10-01,0.4734643,2016,10,501.53822165331263
5326,149799,-70.10036,44.14095,2016-10-01,0.6696093,2016,10,501.53822165331263
5327,149800,-70.09999,44.14095,2016-10-01,0.7726795,2016,10,501.53822165331263
5328,149801,-70.09961,44.14095,2016-10-01,0.7371061,2016,10,501.53822165331263
5329,149802,-70.09924,44.14095,2016-10-01,0.5346234,2016,10,501.53822165331263
5330,149803,-70.09886,44.14095,2016-10-01,0.3087888,2016,10,501.53822165331263
5331,149804,-70.09849,44.14095,2016-10-01,0.1164864,2016,10,501.53822165331263
5332,149805,-70.09811,44.14095,2016-10-01,-0.09642464,2016,10,501.53822165331263
5333,149806,-70.09774,44.14095,2016-10-01,-0.3050369,2016,10,501.53822165331263
5334,149807,-70.09736,44.14095,2016-10-01,-0.5222375,2016,10,501.53822165331263
5335,149808,-70.09699,44.14095,2016-10-01,-0.5884468,2016,10,501.53822165331263
5336,149809,-70.09661,44.14095,2016-10-01,-0.5140883,2016,10,501.53822165331263
5337,149810,-70.09624,44.14095,2016-10-01,-0.4916206,2016,10,501.53822165331263
5338,149811,-70.09586,44.14095,2016-10-01,-0.5683265,2016,10,501.53822165331263
5339,149812,-70.09549,44.14095,2016-10-01,-0.7394841,2016,10,501.53822165331263
5340,149813,-70.09511,44.14095,2016-10-01,-0.8725752,2016,10,501.53822165331263
5341,149814,-70.09474,44.14095,2016-10-01,-0.9002965,2016,10,501.53822165331263
5342,149815,-70.09436,44.14095,2016-10-01,-0.8455898,2016,10,501.53822165331263
5343,149816,-70.09399,44.14095,2016-10-01,-0.7611137,2016,10,501.53822165331263
5344,149817,-70.09361,44.14095,2016-10-01,-0.6491343,2016,10,501.53822165331263
5345,149818,-70.09324,44.14095,2016-10-01,-1.049788,2016,10,50.15382216533126
5346,149819,-70.09286,44.14095,2016-10-01,-1.488628,2016,10,50.15382216533126
5347,149820,-70.09249,44.14095,2016-10-01,-1.281617,2016,10,50.15382216533126
5348,149821,-70.10786,44.14068,2016-10-01,-0.3511101,2016,10,501.53822165331263
5349,149822,-70.10749,44.14068,2016-10-01,-0.2969795,2016,10,501.53822165331263
5350,149823,-70.10711,44.14068,2016-10-01,-0.4624716,2016,10,501.53822165331263
5351,149824,-70.10674,44.14068,2016-10-01,-0.6771256,2016,10,501.53822165331263
5352,149825,-70.10636,44.14068,2016-10-01,-0.7702308,2016,10,501.53822165331263
5353,149826,-70.10599,44.14068,2016-10-01,-0.6966723,2016,10,501.53822165331263
5354,149827,-70.10561,44.14068,2016-10-01,-0.5135006,2016,10,501.53822165331263
5355,149828,-70.10524,44.14068,2016-10-01,-0.3276641,2016,10,501.53822165331263
5356,149829,-70.10486,44.14068,2016-10-01,-0.2383165,2016,10,501.53822165331263
5357,149830,-70.10449,44.14068,2016-10-01,-0.1954044,2016,10,501.53822165331263
5358,149831,-70.10411,44.14068,2016-10-01,-0.1263652,2016,10,501.53822165331263
5359,149832,-70.10374,44.14068,2016-10-01,-0.05164587,2016,10,501.53822165331263
5360,149833,-70.10336,44.14068,2016-10-01,0.002475539,2016,10,501.53822165331263
5361,149834,-70.10299,44.14068,2016-10-01,0.02199085,2016,10,501.53822165331263
5362,149835,-70.10261,44.14068,2016-10-01,0.01700706,2016,10,501.53822165331263
5363,149836,-70.10224,44.14068,2016-10-01,0.03755868,2016,10,501.53822165331263
5364,149837,-70.10186,44.14068,2016-10-01,0.1329097,2016,10,501.53822165331263
5365,149838,-70.10149,44.14068,2016-10-01,0.1896098,2016,10,501.53822165331263
5366,149839,-70.10111,44.14068,2016-10-01,0.2914041,2016,10,501.53822165331263
5367,149840,-70.10074,44.14068,2016-10-01,0.4714451,2016,10,501.53822165331263
5368,149841,-70.10036,44.14068,2016-10-01,0.6985762,2016,10,501.53822165331263
5369,149842,-70.09999,44.14068,2016-10-01,0.8407218,2016,10,501.53822165331263
5370,149843,-70.09961,44.14068,2016-10-01,0.7815078,2016,10,501.53822165331263
5371,149844,-70.09924,44.14068,2016-10-01,0.4841186,2016,10,501.53822165331263
5372,149845,-70.09886,44.14068,2016-10-01,0.2031812,2016,10,501.53822165331263
5373,149846,-70.09849,44.14068,2016-10-01,-0.006633083,2016,10,501.53822165331263
5374,149847,-70.09811,44.14068,2016-10-01,-0.1933556,2016,10,501.53822165331263
5375,149848,-70.09774,44.14068,2016-10-01,-0.3494265,2016,10,501.53822165331263
5376,149849,-70.09736,44.14068,2016-10-01,-0.5293474,2016,10,501.53822165331263
5377,149850,-70.09699,44.14068,2016-10-01,-0.5942033,2016,10,501.53822165331263
5378,149851,-70.09661,44.14068,2016-10-01,-0.5151773,2016,10,501.53822165331263
5379,149852,-70.09624,44.14068,2016-10-01,-0.4589241,2016,10,501.53822165331263
5380,149853,-70.09586,44.14068,2016-10-01,-0.5122569,2016,10,501.53822165331263
5381,149854,-70.09549,44.14068,2016-10-01,-0.6753395,2016,10,501.53822165331263
5382,149855,-70.09511,44.14068,2016-10-01,-0.8203028,2016,10,501.53822165331263
5383,149856,-70.09474,44.14068,2016-10-01,-0.8620373,2016,10,501.53822165331263
5384,149857,-70.09436,44.14068,2016-10-01,-0.7618412,2016,10,501.53822165331263
5385,149858,-70.09399,44.14068,2016-10-01,-0.6118469,2016,10,501.53822165331263
5386,149859,-70.09361,44.14068,2016-10-01,-0.5788989,2016,10,501.53822165331263
5387,149860,-70.09324,44.14068,2016-10-01,-0.8717478,2016,10,501.53822165331263
5388,149861,-70.09286,44.14068,2016-10-01,-1.043709,2016,10,50.15382216533126
5389,149862,-70.09249,44.14068,2016-10-01,-0.8115699,2016,10,501.53822165331263
5390,149863,-70.10786,44.14041,2016-10-01,-0.1100521,2016,10,501.53822165331263
5391,149864,-70.10749,44.14041,2016-10-01,-0.06884422,2016,10,501.53822165331263
5392,149865,-70.10711,44.14041,2016-10-01,-0.1998172,2016,10,501.53822165331263
5393,149866,-70.10674,44.14041,2016-10-01,-0.4627923,2016,10,501.53822165331263
5394,149867,-70.10636,44.14041,2016-10-01,-0.7022632,2016,10,501.53822165331263
5395,149868,-70.10599,44.14041,2016-10-01,-0.7329644,2016,10,501.53822165331263
5396,149869,-70.10561,44.14041,2016-10-01,-0.5245058,2016,10,501.53822165331263
5397,149870,-70.10524,44.14041,2016-10-01,-0.3004845,2016,10,501.53822165331263
5398,149871,-70.10486,44.14041,2016-10-01,-0.172775,2016,10,501.53822165331263
5399,149872,-70.10449,44.14041,2016-10-01,-0.1958071,2016,10,501.53822165331263
5400,149873,-70.10411,44.14041,2016-10-01,-0.2132659,2016,10,501.53822165331263
5401,149874,-70.10374,44.14041,2016-10-01,-0.2194636,2016,10,501.53822165331263
5402,149875,-70.10336,44.14041,2016-10-01,-0.2214135,2016,10,501.53822165331263
5403,149876,-70.10299,44.14041,2016-10-01,-0.1673488,2016,10,501.53822165331263
5404,149877,-70.10261,44.14041,2016-10-01,-0.1183469,2016,10,501.53822165331263
5405,149878,-70.10224,44.14041,2016-10-01,-0.04477661,2016,10,501.53822165331263
5406,149879,-70.10186,44.14041,2016-10-01,0.06563364,2016,10,501.53822165331263
5407,149880,-70.10149,44.14041,2016-10-01,0.1679819,2016,10,501.53822165331263
5408,149881,-70.10111,44.14041,2016-10-01,0.3031593,2016,10,501.53822165331263
5409,149882,-70.10074,44.14041,2016-10-01,0.516121,2016,10,501.53822165331263
5410,149883,-70.10036,44.14041,2016-10-01,0.7648355,2016,10,501.53822165331263
5411,149884,-70.09999,44.14041,2016-10-01,0.9164694,2016,10,501.53822165331263
5412,149885,-70.09961,44.14041,2016-10-01,0.8693955,2016,10,501.53822165331263
5413,149886,-70.09924,44.14041,2016-10-01,0.5684434,2016,10,501.53822165331263
5414,149887,-70.09886,44.14041,2016-10-01,0.2653667,2016,10,501.53822165331263
5415,149888,-70.09849,44.14041,2016-10-01,0.02568426,2016,10,501.53822165331263
5416,149889,-70.09811,44.14041,2016-10-01,-0.1587507,2016,10,501.53822165331263
5417,149890,-70.09774,44.14041,2016-10-01,-0.3171466,2016,10,501.53822165331263
5418,149891,-70.09736,44.14041,2016-10-01,-0.4860909,2016,10,501.53822165331263
5419,149892,-70.09699,44.14041,2016-10-01,-0.5503189,2016,10,501.53822165331263
5420,149893,-70.09661,44.14041,2016-10-01,-0.4862342,2016,10,501.53822165331263
5421,149894,-70.09624,44.14041,2016-10-01,-0.434848,2016,10,501.53822165331263
5422,149895,-70.09586,44.14041,2016-10-01,-0.4449397,2016,10,501.53822165331263
5423,149896,-70.09549,44.14041,2016-10-01,-0.5367241,2016,10,501.53822165331263
5424,149897,-70.09511,44.14041,2016-10-01,-0.6446098,2016,10,501.53822165331263
5425,149898,-70.09474,44.14041,2016-10-01,-0.7074282,2016,10,501.53822165331263
5426,149899,-70.09436,44.14041,2016-10-01,-0.6740945,2016,10,501.53822165331263
5427,149900,-70.09399,44.14041,2016-10-01,-0.7103402,2016,10,501.53822165331263
5428,149901,-70.09361,44.14041,2016-10-01,-0.9631995,2016,10,501.53822165331263
5429,149902,-70.09324,44.14041,2016-10-01,-0.9131911,2016,10,501.53822165331263
5430,149903,-70.09286,44.14041,2016-10-01,-0.8171432,2016,10,501.53822165331263
5431,149904,-70.09249,44.14041,2016-10-01,-0.8872917,2016,10,501.53822165331263
5432,149905,-70.10711,44.14014,2016-10-01,-0.1998529,2016,10,501.53822165331263
5433,149906,-70.10674,44.14014,2016-10-01,-0.521649,2016,10,501.53822165331263
5434,149907,-70.10636,44.14014,2016-10-01,-0.7702317,2016,10,501.53822165331263
5435,149908,-70.10599,44.14014,2016-10-01,-0.7861281,2016,10,501.53822165331263
5436,149909,-70.10561,44.14014,2016-10-01,-0.5147299,2016,10,501.53822165331263
5437,149910,-70.10524,44.14014,2016-10-01,-0.2625961,2016,10,501.53822165331263
5438,149911,-70.10486,44.14014,2016-10-01,-0.1207001,2016,10,501.53822165331263
5439,149912,-70.10449,44.14014,2016-10-01,-0.2106707,2016,10,501.53822165331263
5440,149913,-70.10411,44.14014,2016-10-01,-0.2923448,2016,10,501.53822165331263
5441,149914,-70.10374,44.14014,2016-10-01,-0.2836453,2016,10,501.53822165331263
5442,149915,-70.10336,44.14014,2016-10-01,-0.197623,2016,10,501.53822165331263
5443,149916,-70.10299,44.14014,2016-10-01,-0.1046372,2016,10,501.53822165331263
5444,149917,-70.10261,44.14014,2016-10-01,-0.07848306,2016,10,501.53822165331263
5445,149918,-70.10224,44.14014,2016-10-01,-0.05662012,2016,10,501.53822165331263
5446,149919,-70.10186,44.14014,2016-10-01,-0.01042045,2016,10,501.53822165331263
5447,149920,-70.10149,44.14014,2016-10-01,0.08040209,2016,10,501.53822165331263
5448,149921,-70.10111,44.14014,2016-10-01,0.2039674,2016,10,501.53822165331263
5449,149922,-70.10074,44.14014,2016-10-01,0.4272346,2016,10,501.53822165331263
5450,149923,-70.10036,44.14014,2016-10-01,0.7069819,2016,10,501.53822165331263
5451,149924,-70.09999,44.14014,2016-10-01,0.8888621,2016,10,501.53822165331263
5452,149925,-70.09961,44.14014,2016-10-01,0.9108003,2016,10,501.53822165331263
5453,149926,-70.09924,44.14014,2016-10-01,0.6715665,2016,10,501.53822165331263
5454,149927,-70.09886,44.14014,2016-10-01,0.3825896,2016,10,501.53822165331263
5455,149928,-70.09849,44.14014,2016-10-01,0.08888953,2016,10,501.53822165331263
5456,149929,-70.09811,44.14014,2016-10-01,-0.1328111,2016,10,501.53822165331263
5457,149930,-70.09774,44.14014,2016-10-01,-0.2582344,2016,10,501.53822165331263
5458,149931,-70.09736,44.14014,2016-10-01,-0.3886147,2016,10,501.53822165331263
5459,149932,-70.09699,44.14014,2016-10-01,-0.4797723,2016,10,501.53822165331263
5460,149933,-70.09661,44.14014,2016-10-01,-0.4791434,2016,10,501.53822165331263
5461,149934,-70.09624,44.14014,2016-10-01,-0.4549442,2016,10,501.53822165331263
5462,149935,-70.09586,44.14014,2016-10-01,-0.4228225,2016,10,501.53822165331263
5463,149936,-70.09549,44.14014,2016-10-01,-0.4094759,2016,10,501.53822165331263
5464,149937,-70.09511,44.14014,2016-10-01,-0.4278572,2016,10,501.53822165331263
5465,149938,-70.09474,44.14014,2016-10-01,-0.4565585,2016,10,501.53822165331263
5466,149939,-70.09436,44.14014,2016-10-01,-0.5833834,2016,10,501.53822165331263
5467,149940,-70.09399,44.14014,2016-10-01,-1.046722,2016,10,50.15382216533126
5468,149941,-70.09361,44.14014,2016-10-01,-1.475618,2016,10,50.15382216533126
5469,149942,-70.09324,44.14014,2016-10-01,-1.193697,2016,10,50.15382216533126
5470,149943,-70.09286,44.14014,2016-10-01,-1.164293,2016,10,50.15382216533126
5471,149944,-70.10711,44.13987,2016-10-01,-0.7206408,2016,10,501.53822165331263
5472,149945,-70.10674,44.13987,2016-10-01,-0.7145835,2016,10,501.53822165331263
5473,149946,-70.10636,44.13987,2016-10-01,-0.9385932,2016,10,501.53822165331263
5474,149947,-70.10599,44.13987,2016-10-01,-0.9223059,2016,10,501.53822165331263
5475,149948,-70.10561,44.13987,2016-10-01,-0.6018989,2016,10,501.53822165331263
5476,149949,-70.10524,44.13987,2016-10-01,-0.3093386,2016,10,501.53822165331263
5477,149950,-70.10486,44.13987,2016-10-01,-0.1019335,2016,10,501.53822165331263
5478,149951,-70.10449,44.13987,2016-10-01,-0.1177989,2016,10,501.53822165331263
5479,149952,-70.10411,44.13987,2016-10-01,-0.1914557,2016,10,501.53822165331263
5480,149953,-70.10374,44.13987,2016-10-01,-0.2299812,2016,10,501.53822165331263
5481,149954,-70.10336,44.13987,2016-10-01,-0.1596527,2016,10,501.53822165331263
5482,149955,-70.10299,44.13987,2016-10-01,-0.0619629,2016,10,501.53822165331263
5483,149956,-70.10261,44.13987,2016-10-01,0.01111895,2016,10,501.53822165331263
5484,149957,-70.10224,44.13987,2016-10-01,0.07729572,2016,10,501.53822165331263
5485,149958,-70.10186,44.13987,2016-10-01,0.08949185,2016,10,501.53822165331263
5486,149959,-70.10149,44.13987,2016-10-01,0.1378181,2016,10,501.53822165331263
5487,149960,-70.10111,44.13987,2016-10-01,0.2013216,2016,10,501.53822165331263
5488,149961,-70.10074,44.13987,2016-10-01,0.3693108,2016,10,501.53822165331263
5489,149962,-70.10036,44.13987,2016-10-01,0.638937,2016,10,501.53822165331263
5490,149963,-70.09999,44.13987,2016-10-01,0.9091325,2016,10,501.53822165331263
5491,149964,-70.09961,44.13987,2016-10-01,1.095299,2016,10,952.922621141294
5492,149965,-70.09924,44.13987,2016-10-01,0.954438,2016,10,501.53822165331263
5493,149966,-70.09886,44.13987,2016-10-01,0.6737898,2016,10,501.53822165331263
5494,149967,-70.09849,44.13987,2016-10-01,0.3237694,2016,10,501.53822165331263
5495,149968,-70.09811,44.13987,2016-10-01,0.03247001,2016,10,501.53822165331263
5496,149969,-70.09774,44.13987,2016-10-01,-0.1554761,2016,10,501.53822165331263
5497,149970,-70.09736,44.13987,2016-10-01,-0.3209763,2016,10,501.53822165331263
5498,149971,-70.09699,44.13987,2016-10-01,-0.4328071,2016,10,501.53822165331263
5499,149972,-70.09661,44.13987,2016-10-01,-0.5323877,2016,10,501.53822165331263
5500,149973,-70.09624,44.13987,2016-10-01,-0.5705304,2016,10,501.53822165331263
5501,149974,-70.09586,44.13987,2016-10-01,-0.5063713,2016,10,501.53822165331263
5502,149975,-70.09549,44.13987,2016-10-01,-0.3773884,2016,10,501.53822165331263
5503,149976,-70.09511,44.13987,2016-10-01,-0.3380218,2016,10,501.53822165331263
5504,149977,-70.09474,44.13987,2016-10-01,-0.5209265,2016,10,501.53822165331263
5505,149978,-70.09436,44.13987,2016-10-01,-1.01738,2016,10,50.15382216533126
5506,149979,-70.09399,44.13987,2016-10-01,-1.732715,2016,10,50.15382216533126
5507,149980,-70.09361,44.13987,2016-10-01,-1.78342,2016,10,50.15382216533126
5508,149981,-70.10711,44.1396,2016-10-01,-1.048799,2016,10,50.15382216533126
5509,149982,-70.10674,44.1396,2016-10-01,-1.037134,2016,10,50.15382216533126
5510,149983,-70.10636,44.1396,2016-10-01,-1.169899,2016,10,50.15382216533126
5511,149984,-70.10599,44.1396,2016-10-01,-1.024559,2016,10,50.15382216533126
5512,149985,-70.10561,44.1396,2016-10-01,-0.5841308,2016,10,501.53822165331263
5513,149986,-70.10524,44.1396,2016-10-01,-0.2315044,2016,10,501.53822165331263
5514,149987,-70.10486,44.1396,2016-10-01,-0.01247043,2016,10,501.53822165331263
5515,149988,-70.10449,44.1396,2016-10-01,-0.01124645,2016,10,501.53822165331263
5516,149989,-70.10411,44.1396,2016-10-01,-0.04681799,2016,10,501.53822165331263
5517,149990,-70.10374,44.1396,2016-10-01,0.01057883,2016,10,501.53822165331263
5518,149991,-70.10336,44.1396,2016-10-01,0.1452164,2016,10,501.53822165331263
5519,149992,-70.10299,44.1396,2016-10-01,0.25031,2016,10,501.53822165331263
5520,149993,-70.10261,44.1396,2016-10-01,0.3391858,2016,10,501.53822165331263
5521,149994,-70.10224,44.1396,2016-10-01,0.3686512,2016,10,501.53822165331263
5522,149995,-70.10186,44.1396,2016-10-01,0.3181517,2016,10,501.53822165331263
5523,149996,-70.10149,44.1396,2016-10-01,0.308277,2016,10,501.53822165331263
5524,149997,-70.10111,44.1396,2016-10-01,0.3131242,2016,10,501.53822165331263
5525,149998,-70.10074,44.1396,2016-10-01,0.4462437,2016,10,501.53822165331263
5526,149999,-70.10036,44.1396,2016-10-01,0.6934894,2016,10,501.53822165331263
5527,150000,-70.09999,44.1396,2016-10-01,0.9860567,2016,10,501.53822165331263
5528,150001,-70.09961,44.1396,2016-10-01,1.227766,2016,10,952.922621141294
5529,150002,-70.09924,44.1396,2016-10-01,1.217856,2016,10,952.922621141294
5530,150003,-70.09886,44.1396,2016-10-01,0.9812899,2016,10,501.53822165331263
5531,150004,-70.09849,44.1396,2016-10-01,0.5988187,2016,10,501.53822165331263
5532,150005,-70.09811,44.1396,2016-10-01,0.2555512,2016,10,501.53822165331263
5533,150006,-70.09774,44.1396,2016-10-01,0.006913187,2016,10,501.53822165331263
5534,150007,-70.09736,44.1396,2016-10-01,-0.2169676,2016,10,501.53822165331263
5535,150008,-70.09699,44.1396,2016-10-01,-0.4312059,2016,10,501.53822165331263
5536,150009,-70.09661,44.1396,2016-10-01,-0.6666126,2016,10,501.53822165331263
5537,150010,-70.09624,44.1396,2016-10-01,-0.80027,2016,10,501.53822165331263
5538,150011,-70.09586,44.1396,2016-10-01,-0.8149841,2016,10,501.53822165331263
5539,150012,-70.09549,44.1396,2016-10-01,-0.8098226,2016,10,501.53822165331263
5540,150013,-70.09511,44.1396,2016-10-01,-0.9476688,2016,10,501.53822165331263
5541,150014,-70.09474,44.1396,2016-10-01,-1.262645,2016,10,50.15382216533126
5542,150015,-70.09436,44.1396,2016-10-01,-1.671707,2016,10,50.15382216533126
5543,150016,-70.09399,44.1396,2016-10-01,-2.113675,2016,10,10.030764433066253
5544,150017,-70.09361,44.1396,2016-10-01,-2.004967,2016,10,10.030764433066253
5545,150018,-70.10749,44.13933,2016-10-01,-0.7604283,2016,10,501.53822165331263
5546,150019,-70.10711,44.13933,2016-10-01,-0.9342254,2016,10,501.53822165331263
5547,150020,-70.10674,44.13933,2016-10-01,-1.273805,2016,10,50.15382216533126
5548,150021,-70.10636,44.13933,2016-10-01,-1.303792,2016,10,50.15382216533126
5549,150022,-70.10599,44.13933,2016-10-01,-1.070129,2016,10,50.15382216533126
5550,150023,-70.10561,44.13933,2016-10-01,-0.5967609,2016,10,501.53822165331263
5551,150024,-70.10524,44.13933,2016-10-01,-0.1936046,2016,10,501.53822165331263
5552,150025,-70.10486,44.13933,2016-10-01,0.07338687,2016,10,501.53822165331263
5553,150026,-70.10449,44.13933,2016-10-01,0.1582221,2016,10,501.53822165331263
5554,150027,-70.10411,44.13933,2016-10-01,0.2407887,2016,10,501.53822165331263
5555,150028,-70.10374,44.13933,2016-10-01,0.3567179,2016,10,501.53822165331263
5556,150029,-70.10336,44.13933,2016-10-01,0.4934411,2016,10,501.53822165331263
5557,150030,-70.10299,44.13933,2016-10-01,0.576565,2016,10,501.53822165331263
5558,150031,-70.10261,44.13933,2016-10-01,0.6448267,2016,10,501.53822165331263
5559,150032,-70.10224,44.13933,2016-10-01,0.6295525,2016,10,501.53822165331263
5560,150033,-70.10186,44.13933,2016-10-01,0.6148533,2016,10,501.53822165331263
5561,150034,-70.10149,44.13933,2016-10-01,0.6083448,2016,10,501.53822165331263
5562,150035,-70.10111,44.13933,2016-10-01,0.5991677,2016,10,501.53822165331263
5563,150036,-70.10074,44.13933,2016-10-01,0.6911995,2016,10,501.53822165331263
5564,150037,-70.10036,44.13933,2016-10-01,0.8550627,2016,10,501.53822165331263
5565,150038,-70.09999,44.13933,2016-10-01,1.116607,2016,10,952.922621141294
5566,150039,-70.09961,44.13933,2016-10-01,1.326867,2016,10,952.922621141294
5567,150040,-70.09924,44.13933,2016-10-01,1.407971,2016,10,952.922621141294
5568,150041,-70.09886,44.13933,2016-10-01,1.222627,2016,10,952.922621141294
5569,150042,-70.09849,44.13933,2016-10-01,0.8883903,2016,10,501.53822165331263
5570,150043,-70.09811,44.13933,2016-10-01,0.5566161,2016,10,501.53822165331263
5571,150044,-70.09774,44.13933,2016-10-01,0.2771594,2016,10,501.53822165331263
5572,150045,-70.09736,44.13933,2016-10-01,0.004485557,2016,10,501.53822165331263
5573,150046,-70.09699,44.13933,2016-10-01,-0.3439817,2016,10,501.53822165331263
5574,150047,-70.09661,44.13933,2016-10-01,-0.7295622,2016,10,501.53822165331263
5575,150048,-70.09624,44.13933,2016-10-01,-1.017584,2016,10,50.15382216533126
5576,150049,-70.09586,44.13933,2016-10-01,-1.322773,2016,10,50.15382216533126
5577,150050,-70.09549,44.13933,2016-10-01,-1.687299,2016,10,50.15382216533126
5578,150051,-70.09511,44.13933,2016-10-01,-1.92686,2016,10,50.15382216533126
5579,150052,-70.09474,44.13933,2016-10-01,-2.11355,2016,10,10.030764433066253
5580,150053,-70.09436,44.13933,2016-10-01,-2.022597,2016,10,10.030764433066253
5581,150054,-70.09399,44.13933,2016-10-01,-2.006114,2016,10,10.030764433066253
5582,150055,-70.10749,44.13906,2016-10-01,-0.761013,2016,10,501.53822165331263
5583,150056,-70.10711,44.13906,2016-10-01,-1.009302,2016,10,50.15382216533126
5584,150057,-70.10674,44.13906,2016-10-01,-1.431728,2016,10,50.15382216533126
5585,150058,-70.10636,44.13906,2016-10-01,-1.294612,2016,10,50.15382216533126
5586,150059,-70.10599,44.13906,2016-10-01,-0.9417509,2016,10,501.53822165331263
5587,150060,-70.10561,44.13906,2016-10-01,-0.4442318,2016,10,501.53822165331263
5588,150061,-70.10524,44.13906,2016-10-01,-0.07278398,2016,10,501.53822165331263
5589,150062,-70.10486,44.13906,2016-10-01,0.1409255,2016,10,501.53822165331263
5590,150063,-70.10449,44.13906,2016-10-01,0.2449527,2016,10,501.53822165331263
5591,150064,-70.10411,44.13906,2016-10-01,0.4138236,2016,10,501.53822165331263
5592,150065,-70.10374,44.13906,2016-10-01,0.5902287,2016,10,501.53822165331263
5593,150066,-70.10336,44.13906,2016-10-01,0.8111333,2016,10,501.53822165331263
5594,150067,-70.10299,44.13906,2016-10-01,0.9055076,2016,10,501.53822165331263
5595,150068,-70.10261,44.13906,2016-10-01,0.9468336,2016,10,501.53822165331263
5596,150069,-70.10224,44.13906,2016-10-01,0.8805526,2016,10,501.53822165331263
5597,150070,-70.10186,44.13906,2016-10-01,0.8581269,2016,10,501.53822165331263
5598,150071,-70.10149,44.13906,2016-10-01,0.8344523,2016,10,501.53822165331263
5599,150072,-70.10111,44.13906,2016-10-01,0.8885631,2016,10,501.53822165331263
5600,150073,-70.10074,44.13906,2016-10-01,1.008853,2016,10,952.922621141294
5601,150074,-70.10036,44.13906,2016-10-01,1.069313,2016,10,952.922621141294
5602,150075,-70.09999,44.13906,2016-10-01,1.235825,2016,10,952.922621141294
5603,150076,-70.09961,44.13906,2016-10-01,1.38505,2016,10,952.922621141294
5604,150077,-70.09924,44.13906,2016-10-01,1.48741,2016,10,952.922621141294
5605,150078,-70.09886,44.13906,2016-10-01,1.389054,2016,10,952.922621141294
5606,150079,-70.09849,44.13906,2016-10-01,1.162241,2016,10,952.922621141294
5607,150080,-70.09811,44.13906,2016-10-01,0.8959343,2016,10,501.53822165331263
5608,150081,-70.09774,44.13906,2016-10-01,0.6098829,2016,10,501.53822165331263
5609,150082,-70.09736,44.13906,2016-10-01,0.2820007,2016,10,501.53822165331263
5610,150083,-70.09699,44.13906,2016-10-01,-0.1456251,2016,10,501.53822165331263
5611,150084,-70.09661,44.13906,2016-10-01,-0.684016,2016,10,501.53822165331263
5612,150085,-70.09624,44.13906,2016-10-01,-1.213286,2016,10,50.15382216533126
5613,150086,-70.09586,44.13906,2016-10-01,-1.924323,2016,10,50.15382216533126
5614,150087,-70.09549,44.13906,2016-10-01,-2.495128,2016,10,10.030764433066253
5615,150088,-70.09511,44.13906,2016-10-01,-2.482067,2016,10,10.030764433066253
5616,150089,-70.09474,44.13906,2016-10-01,-2.443325,2016,10,10.030764433066253
5617,150090,-70.09436,44.13906,2016-10-01,-2.328386,2016,10,10.030764433066253
5618,150091,-70.10786,44.13879,2016-10-01,-0.763504,2016,10,501.53822165331263
5619,150092,-70.10749,44.13879,2016-10-01,-0.8709339,2016,10,501.53822165331263
5620,150093,-70.10711,44.13879,2016-10-01,-1.248357,2016,10,50.15382216533126
5621,150094,-70.10674,44.13879,2016-10-01,-1.536936,2016,10,50.15382216533126
5622,150095,-70.10636,44.13879,2016-10-01,-1.342971,2016,10,50.15382216533126
5623,150096,-70.10599,44.13879,2016-10-01,-0.9322808,2016,10,501.53822165331263
5624,150097,-70.10561,44.13879,2016-10-01,-0.4653994,2016,10,501.53822165331263
5625,150098,-70.10524,44.13879,2016-10-01,-0.1180541,2016,10,501.53822165331263
5626,150099,-70.10486,44.13879,2016-10-01,0.1027179,2016,10,501.53822165331263
5627,150100,-70.10449,44.13879,2016-10-01,0.2144616,2016,10,501.53822165331263
5628,150101,-70.10411,44.13879,2016-10-01,0.4200891,2016,10,501.53822165331263
5629,150102,-70.10374,44.13879,2016-10-01,0.639312,2016,10,501.53822165331263
5630,150103,-70.10336,44.13879,2016-10-01,0.8863739,2016,10,501.53822165331263
5631,150104,-70.10299,44.13879,2016-10-01,0.9382639,2016,10,501.53822165331263
5632,150105,-70.10261,44.13879,2016-10-01,0.9574994,2016,10,501.53822165331263
5633,150106,-70.10224,44.13879,2016-10-01,0.8862241,2016,10,501.53822165331263
5634,150107,-70.10186,44.13879,2016-10-01,0.8797534,2016,10,501.53822165331263
5635,150108,-70.10149,44.13879,2016-10-01,0.8929955,2016,10,501.53822165331263
5636,150109,-70.10111,44.13879,2016-10-01,0.9398318,2016,10,501.53822165331263
5637,150110,-70.10074,44.13879,2016-10-01,1.036664,2016,10,952.922621141294
5638,150111,-70.10036,44.13879,2016-10-01,1.139673,2016,10,952.922621141294
5639,150112,-70.09999,44.13879,2016-10-01,1.323567,2016,10,952.922621141294
5640,150113,-70.09961,44.13879,2016-10-01,1.447171,2016,10,952.922621141294
5641,150114,-70.09924,44.13879,2016-10-01,1.541374,2016,10,952.922621141294
5642,150115,-70.09886,44.13879,2016-10-01,1.524071,2016,10,952.922621141294
5643,150116,-70.09849,44.13879,2016-10-01,1.38828,2016,10,952.922621141294
5644,150117,-70.09811,44.13879,2016-10-01,1.211029,2016,10,952.922621141294
5645,150118,-70.09774,44.13879,2016-10-01,1.012429,2016,10,952.922621141294
5646,150119,-70.09736,44.13879,2016-10-01,0.6741857,2016,10,501.53822165331263
5647,150120,-70.09699,44.13879,2016-10-01,0.1734637,2016,10,501.53822165331263
5648,150121,-70.09661,44.13879,2016-10-01,-0.5533999,2016,10,501.53822165331263
5649,150122,-70.09624,44.13879,2016-10-01,-1.42516,2016,10,50.15382216533126
5650,150123,-70.09586,44.13879,2016-10-01,-2.426117,2016,10,10.030764433066253
5651,150124,-70.09549,44.13879,2016-10-01,-2.855801,2016,10,10.030764433066253
5652,150125,-70.09511,44.13879,2016-10-01,-2.810652,2016,10,10.030764433066253
5653,150126,-70.10786,44.13852,2016-10-01,-1.06528,2016,10,50.15382216533126
5654,150127,-70.10749,44.13852,2016-10-01,-1.36566,2016,10,50.15382216533126
5655,150128,-70.10711,44.13852,2016-10-01,-1.700746,2016,10,50.15382216533126
5656,150129,-70.10674,44.13852,2016-10-01,-1.686853,2016,10,50.15382216533126
5657,150130,-70.10636,44.13852,2016-10-01,-1.354029,2016,10,50.15382216533126
5658,150131,-70.10599,44.13852,2016-10-01,-0.8973164,2016,10,501.53822165331263
5659,150132,-70.10561,44.13852,2016-10-01,-0.5108993,2016,10,501.53822165331263
5660,150133,-70.10524,44.13852,2016-10-01,-0.2414753,2016,10,501.53822165331263
5661,150134,-70.10486,44.13852,2016-10-01,-0.03717217,2016,10,501.53822165331263
5662,150135,-70.10449,44.13852,2016-10-01,0.1086289,2016,10,501.53822165331263
5663,150136,-70.10411,44.13852,2016-10-01,0.3221545,2016,10,501.53822165331263
5664,150137,-70.10374,44.13852,2016-10-01,0.502002,2016,10,501.53822165331263
5665,150138,-70.10336,44.13852,2016-10-01,0.6952482,2016,10,501.53822165331263
5666,150139,-70.10299,44.13852,2016-10-01,0.7638319,2016,10,501.53822165331263
5667,150140,-70.10261,44.13852,2016-10-01,0.8080696,2016,10,501.53822165331263
5668,150141,-70.10224,44.13852,2016-10-01,0.7760706,2016,10,501.53822165331263
5669,150142,-70.10186,44.13852,2016-10-01,0.8601934,2016,10,501.53822165331263
5670,150143,-70.10149,44.13852,2016-10-01,0.9743647,2016,10,501.53822165331263
5671,150144,-70.10111,44.13852,2016-10-01,1.03041,2016,10,952.922621141294
5672,150145,-70.10074,44.13852,2016-10-01,1.127045,2016,10,952.922621141294
5673,150146,-70.10036,44.13852,2016-10-01,1.219635,2016,10,952.922621141294
5674,150147,-70.09999,44.13852,2016-10-01,1.40729,2016,10,952.922621141294
5675,150148,-70.09961,44.13852,2016-10-01,1.566325,2016,10,952.922621141294
5676,150149,-70.09924,44.13852,2016-10-01,1.685945,2016,10,952.922621141294
5677,150150,-70.09886,44.13852,2016-10-01,1.714873,2016,10,952.922621141294
5678,150151,-70.09849,44.13852,2016-10-01,1.652589,2016,10,952.922621141294
5679,150152,-70.09811,44.13852,2016-10-01,1.513426,2016,10,952.922621141294
5680,150153,-70.09774,44.13852,2016-10-01,1.328117,2016,10,952.922621141294
5681,150154,-70.09736,44.13852,2016-10-01,0.9665867,2016,10,501.53822165331263
5682,150155,-70.09699,44.13852,2016-10-01,0.4270245,2016,10,501.53822165331263
5683,150156,-70.09661,44.13852,2016-10-01,-0.4035646,2016,10,501.53822165331263
5684,150157,-70.09624,44.13852,2016-10-01,-1.500645,2016,10,50.15382216533126
5685,150158,-70.09586,44.13852,2016-10-01,-2.525935,2016,10,10.030764433066253
5686,150159,-70.09549,44.13852,2016-10-01,-2.59309,2016,10,10.030764433066253
5687,150160,-70.10786,44.13825,2016-10-01,-1.356492,2016,10,50.15382216533126
5688,150161,-70.10749,44.13825,2016-10-01,-1.524357,2016,10,50.15382216533126
5689,150162,-70.10711,44.13825,2016-10-01,-1.765099,2016,10,50.15382216533126
5690,150163,-70.10674,44.13825,2016-10-01,-1.739524,2016,10,50.15382216533126
5691,150164,-70.10636,44.13825,2016-10-01,-1.386914,2016,10,50.15382216533126
5692,150165,-70.10599,44.13825,2016-10-01,-0.944466,2016,10,501.53822165331263
5693,150166,-70.10561,44.13825,2016-10-01,-0.5912905,2016,10,501.53822165331263
5694,150167,-70.10524,44.13825,2016-10-01,-0.3171371,2016,10,501.53822165331263
5695,150168,-70.10486,44.13825,2016-10-01,-0.1087361,2016,10,501.53822165331263
5696,150169,-70.10449,44.13825,2016-10-01,-0.03502252,2016,10,501.53822165331263
5697,150170,-70.10411,44.13825,2016-10-01,0.08443268,2016,10,501.53822165331263
5698,150171,-70.10374,44.13825,2016-10-01,0.1913382,2016,10,501.53822165331263
5699,150172,-70.10336,44.13825,2016-10-01,0.3181118,2016,10,501.53822165331263
5700,150173,-70.10299,44.13825,2016-10-01,0.4156534,2016,10,501.53822165331263
5701,150174,-70.10261,44.13825,2016-10-01,0.5288666,2016,10,501.53822165331263
5702,150175,-70.10224,44.13825,2016-10-01,0.6388021,2016,10,501.53822165331263
5703,150176,-70.10186,44.13825,2016-10-01,0.7927875,2016,10,501.53822165331263
5704,150177,-70.10149,44.13825,2016-10-01,0.9300049,2016,10,501.53822165331263
5705,150178,-70.10111,44.13825,2016-10-01,0.9631272,2016,10,501.53822165331263
5706,150179,-70.10074,44.13825,2016-10-01,1.098014,2016,10,952.922621141294
5707,150180,-70.10036,44.13825,2016-10-01,1.209246,2016,10,952.922621141294
5708,150181,-70.09999,44.13825,2016-10-01,1.417913,2016,10,952.922621141294
5709,150182,-70.09961,44.13825,2016-10-01,1.589973,2016,10,952.922621141294
5710,150183,-70.09924,44.13825,2016-10-01,1.733023,2016,10,952.922621141294
5711,150184,-70.09886,44.13825,2016-10-01,1.785804,2016,10,952.922621141294
5712,150185,-70.09849,44.13825,2016-10-01,1.743121,2016,10,952.922621141294
5713,150186,-70.09811,44.13825,2016-10-01,1.638829,2016,10,952.922621141294
5714,150187,-70.09774,44.13825,2016-10-01,1.462997,2016,10,952.922621141294
5715,150188,-70.09736,44.13825,2016-10-01,1.141071,2016,10,952.922621141294
5716,150189,-70.09699,44.13825,2016-10-01,0.5728449,2016,10,501.53822165331263
5717,150190,-70.09661,44.13825,2016-10-01,-0.3240191,2016,10,501.53822165331263
5718,150191,-70.09624,44.13825,2016-10-01,-1.414468,2016,10,50.15382216533126
5719,150192,-70.09586,44.13825,2016-10-01,-2.262167,2016,10,10.030764433066253
5720,150193,-70.09549,44.13825,2016-10-01,-2.157306,2016,10,10.030764433066253
5721,150194,-70.10786,44.13798,2016-10-01,-1.256899,2016,10,50.15382216533126
5722,150195,-70.10749,44.13798,2016-10-01,-1.276414,2016,10,50.15382216533126
5723,150196,-70.10711,44.13798,2016-10-01,-1.615183,2016,10,50.15382216533126
5724,150197,-70.10674,44.13798,2016-10-01,-1.71283,2016,10,50.15382216533126
5725,150198,-70.10636,44.13798,2016-10-01,-1.414367,2016,10,50.15382216533126
5726,150199,-70.10599,44.13798,2016-10-01,-1.010393,2016,10,50.15382216533126
5727,150200,-70.10561,44.13798,2016-10-01,-0.6617527,2016,10,501.53822165331263
5728,150201,-70.10524,44.13798,2016-10-01,-0.4043887,2016,10,501.53822165331263
5729,150202,-70.10486,44.13798,2016-10-01,-0.1721898,2016,10,501.53822165331263
5730,150203,-70.10449,44.13798,2016-10-01,-0.06537856,2016,10,501.53822165331263
5731,150204,-70.10411,44.13798,2016-10-01,-0.02063036,2016,10,501.53822165331263
5732,150205,-70.10374,44.13798,2016-10-01,-0.02189003,2016,10,501.53822165331263
5733,150206,-70.10336,44.13798,2016-10-01,0.01925989,2016,10,501.53822165331263
5734,150207,-70.10299,44.13798,2016-10-01,0.1191373,2016,10,501.53822165331263
5735,150208,-70.10261,44.13798,2016-10-01,0.2258661,2016,10,501.53822165331263
5736,150209,-70.10224,44.13798,2016-10-01,0.4369557,2016,10,501.53822165331263
5737,150210,-70.10186,44.13798,2016-10-01,0.6467511,2016,10,501.53822165331263
5738,150211,-70.10149,44.13798,2016-10-01,0.9050744,2016,10,501.53822165331263
5739,150212,-70.10111,44.13798,2016-10-01,1.044004,2016,10,952.922621141294
5740,150213,-70.10074,44.13798,2016-10-01,1.2471,2016,10,952.922621141294
5741,150214,-70.10036,44.13798,2016-10-01,1.312994,2016,10,952.922621141294
5742,150215,-70.09999,44.13798,2016-10-01,1.453706,2016,10,952.922621141294
5743,150216,-70.09961,44.13798,2016-10-01,1.573295,2016,10,952.922621141294
5744,150217,-70.09924,44.13798,2016-10-01,1.71008,2016,10,952.922621141294
5745,150218,-70.09886,44.13798,2016-10-01,1.806995,2016,10,952.922621141294
5746,150219,-70.09849,44.13798,2016-10-01,1.80301,2016,10,952.922621141294
5747,150220,-70.09811,44.13798,2016-10-01,1.735261,2016,10,952.922621141294
5748,150221,-70.09774,44.13798,2016-10-01,1.527921,2016,10,952.922621141294
5749,150222,-70.09736,44.13798,2016-10-01,1.221862,2016,10,952.922621141294
5750,150223,-70.09699,44.13798,2016-10-01,0.6320901,2016,10,501.53822165331263
5751,150224,-70.09661,44.13798,2016-10-01,-0.2520434,2016,10,501.53822165331263
5752,150225,-70.09624,44.13798,2016-10-01,-1.238735,2016,10,50.15382216533126
5753,150226,-70.09586,44.13798,2016-10-01,-1.898263,2016,10,50.15382216533126
5754,150227,-70.09549,44.13798,2016-10-01,-1.868848,2016,10,50.15382216533126
5755,150228,-70.10749,44.13771,2016-10-01,-1.488434,2016,10,50.15382216533126
5756,150229,-70.10711,44.13771,2016-10-01,-1.726975,2016,10,50.15382216533126
5757,150230,-70.10674,44.13771,2016-10-01,-1.747273,2016,10,50.15382216533126
5758,150231,-70.10636,44.13771,2016-10-01,-1.439445,2016,10,50.15382216533126
5759,150232,-70.10599,44.13771,2016-10-01,-1.039933,2016,10,50.15382216533126
5760,150233,-70.10561,44.13771,2016-10-01,-0.6149165,2016,10,501.53822165331263
5761,150234,-70.10524,44.13771,2016-10-01,-0.3064625,2016,10,501.53822165331263
5762,150235,-70.10486,44.13771,2016-10-01,-0.1125839,2016,10,501.53822165331263
5763,150236,-70.10449,44.13771,2016-10-01,-0.06879796,2016,10,501.53822165331263
5764,150237,-70.10411,44.13771,2016-10-01,-0.1480585,2016,10,501.53822165331263
5765,150238,-70.10374,44.13771,2016-10-01,-0.1558675,2016,10,501.53822165331263
5766,150239,-70.10336,44.13771,2016-10-01,-0.1416908,2016,10,501.53822165331263
5767,150240,-70.10299,44.13771,2016-10-01,-0.04447063,2016,10,501.53822165331263
5768,150241,-70.10261,44.13771,2016-10-01,0.114128,2016,10,501.53822165331263
5769,150242,-70.10224,44.13771,2016-10-01,0.34628,2016,10,501.53822165331263
5770,150243,-70.10186,44.13771,2016-10-01,0.5833,2016,10,501.53822165331263
5771,150244,-70.10149,44.13771,2016-10-01,0.8996867,2016,10,501.53822165331263
5772,150245,-70.10111,44.13771,2016-10-01,1.101768,2016,10,952.922621141294
5773,150246,-70.10074,44.13771,2016-10-01,1.356887,2016,10,952.922621141294
5774,150247,-70.10036,44.13771,2016-10-01,1.430811,2016,10,952.922621141294
5775,150248,-70.09999,44.13771,2016-10-01,1.491346,2016,10,952.922621141294
5776,150249,-70.09961,44.13771,2016-10-01,1.549666,2016,10,952.922621141294
5777,150250,-70.09924,44.13771,2016-10-01,1.645869,2016,10,952.922621141294
5778,150251,-70.09886,44.13771,2016-10-01,1.737634,2016,10,952.922621141294
5779,150252,-70.09849,44.13771,2016-10-01,1.725358,2016,10,952.922621141294
5780,150253,-70.09811,44.13771,2016-10-01,1.651095,2016,10,952.922621141294
5781,150254,-70.09774,44.13771,2016-10-01,1.501962,2016,10,952.922621141294
5782,150255,-70.09736,44.13771,2016-10-01,1.208288,2016,10,952.922621141294
5783,150256,-70.09699,44.13771,2016-10-01,0.6051584,2016,10,501.53822165331263
5784,150257,-70.09661,44.13771,2016-10-01,-0.2184157,2016,10,501.53822165331263
5785,150258,-70.09624,44.13771,2016-10-01,-1.011398,2016,10,50.15382216533126
5786,150259,-70.09586,44.13771,2016-10-01,-1.164417,2016,10,50.15382216533126
5787,150260,-70.09549,44.13771,2016-10-01,-1.033478,2016,10,50.15382216533126
5788,150261,-70.10749,44.13744,2016-10-01,-1.485362,2016,10,50.15382216533126
5789,150262,-70.10711,44.13744,2016-10-01,-1.744334,2016,10,50.15382216533126
5790,150263,-70.10674,44.13744,2016-10-01,-1.814003,2016,10,50.15382216533126
5791,150264,-70.10636,44.13744,2016-10-01,-1.505928,2016,10,50.15382216533126
5792,150265,-70.10599,44.13744,2016-10-01,-1.102243,2016,10,50.15382216533126
5793,150266,-70.10561,44.13744,2016-10-01,-0.6510524,2016,10,501.53822165331263
5794,150267,-70.10524,44.13744,2016-10-01,-0.2455921,2016,10,501.53822165331263
5795,150268,-70.10486,44.13744,2016-10-01,-0.0589922,2016,10,501.53822165331263
5796,150269,-70.10449,44.13744,2016-10-01,-0.03541748,2016,10,501.53822165331263
5797,150270,-70.10411,44.13744,2016-10-01,-0.1582007,2016,10,501.53822165331263
5798,150271,-70.10374,44.13744,2016-10-01,-0.227999,2016,10,501.53822165331263
5799,150272,-70.10336,44.13744,2016-10-01,-0.1970869,2016,10,501.53822165331263
5800,150273,-70.10299,44.13744,2016-10-01,-0.150862,2016,10,501.53822165331263
5801,150274,-70.10261,44.13744,2016-10-01,0.05662845,2016,10,501.53822165331263
5802,150275,-70.10224,44.13744,2016-10-01,0.2810782,2016,10,501.53822165331263
5803,150276,-70.10186,44.13744,2016-10-01,0.5753836,2016,10,501.53822165331263
5804,150277,-70.10149,44.13744,2016-10-01,0.88662,2016,10,501.53822165331263
5805,150278,-70.10111,44.13744,2016-10-01,1.144491,2016,10,952.922621141294
5806,150279,-70.10074,44.13744,2016-10-01,1.382435,2016,10,952.922621141294
5807,150280,-70.10036,44.13744,2016-10-01,1.478045,2016,10,952.922621141294
5808,150281,-70.09999,44.13744,2016-10-01,1.524692,2016,10,952.922621141294
5809,150282,-70.09961,44.13744,2016-10-01,1.609382,2016,10,952.922621141294
5810,150283,-70.09924,44.13744,2016-10-01,1.712345,2016,10,952.922621141294
5811,150284,-70.09886,44.13744,2016-10-01,1.780773,2016,10,952.922621141294
5812,150285,-70.09849,44.13744,2016-10-01,1.740966,2016,10,952.922621141294
5813,150286,-70.09811,44.13744,2016-10-01,1.64021,2016,10,952.922621141294
5814,150287,-70.09774,44.13744,2016-10-01,1.516957,2016,10,952.922621141294
5815,150288,-70.09736,44.13744,2016-10-01,1.203918,2016,10,952.922621141294
5816,150289,-70.09699,44.13744,2016-10-01,0.633048,2016,10,501.53822165331263
5817,150290,-70.09661,44.13744,2016-10-01,-0.1895053,2016,10,501.53822165331263
5818,150291,-70.09624,44.13744,2016-10-01,-0.7815913,2016,10,501.53822165331263
5819,150292,-70.09586,44.13744,2016-10-01,-0.4965541,2016,10,501.53822165331263
5820,150293,-70.09549,44.13744,2016-10-01,-0.7098241,2016,10,501.53822165331263
5821,150294,-70.10786,44.13717,2016-10-01,-1.56757,2016,10,50.15382216533126
5822,150295,-70.10749,44.13717,2016-10-01,-1.729222,2016,10,50.15382216533126
5823,150296,-70.10711,44.13717,2016-10-01,-1.944824,2016,10,50.15382216533126
5824,150297,-70.10674,44.13717,2016-10-01,-1.876474,2016,10,50.15382216533126
5825,150298,-70.10636,44.13717,2016-10-01,-1.393008,2016,10,50.15382216533126
5826,150299,-70.10599,44.13717,2016-10-01,-0.9754942,2016,10,501.53822165331263
5827,150300,-70.10561,44.13717,2016-10-01,-0.5178184,2016,10,501.53822165331263
5828,150301,-70.10524,44.13717,2016-10-01,-0.1020344,2016,10,501.53822165331263
5829,150302,-70.10486,44.13717,2016-10-01,0.04888448,2016,10,501.53822165331263
5830,150303,-70.10449,44.13717,2016-10-01,0.01813997,2016,10,501.53822165331263
5831,150304,-70.10411,44.13717,2016-10-01,-0.1540283,2016,10,501.53822165331263
5832,150305,-70.10374,44.13717,2016-10-01,-0.2901374,2016,10,501.53822165331263
5833,150306,-70.10336,44.13717,2016-10-01,-0.1713349,2016,10,501.53822165331263
5834,150307,-70.10299,44.13717,2016-10-01,-0.1463667,2016,10,501.53822165331263
5835,150308,-70.10261,44.13717,2016-10-01,0.1046382,2016,10,501.53822165331263
5836,150309,-70.10224,44.13717,2016-10-01,0.31176,2016,10,501.53822165331263
5837,150310,-70.10186,44.13717,2016-10-01,0.6788474,2016,10,501.53822165331263
5838,150311,-70.10149,44.13717,2016-10-01,0.9541891,2016,10,501.53822165331263
5839,150312,-70.10111,44.13717,2016-10-01,1.205416,2016,10,952.922621141294
5840,150313,-70.10074,44.13717,2016-10-01,1.386932,2016,10,952.922621141294
5841,150314,-70.10036,44.13717,2016-10-01,1.464977,2016,10,952.922621141294
5842,150315,-70.09999,44.13717,2016-10-01,1.562675,2016,10,952.922621141294
5843,150316,-70.09961,44.13717,2016-10-01,1.66648,2016,10,952.922621141294
5844,150317,-70.09924,44.13717,2016-10-01,1.784478,2016,10,952.922621141294
5845,150318,-70.09886,44.13717,2016-10-01,1.894243,2016,10,952.922621141294
5846,150319,-70.09849,44.13717,2016-10-01,1.847581,2016,10,952.922621141294
5847,150320,-70.09811,44.13717,2016-10-01,1.753017,2016,10,952.922621141294
5848,150321,-70.09774,44.13717,2016-10-01,1.609284,2016,10,952.922621141294
5849,150322,-70.09736,44.13717,2016-10-01,1.237809,2016,10,952.922621141294
5850,150323,-70.09699,44.13717,2016-10-01,0.676379,2016,10,501.53822165331263
5851,150324,-70.09661,44.13717,2016-10-01,-0.1335931,2016,10,501.53822165331263
5852,150325,-70.09624,44.13717,2016-10-01,-0.6351329,2016,10,501.53822165331263
5853,150326,-70.09586,44.13717,2016-10-01,-0.3590451,2016,10,501.53822165331263
5854,150327,-70.09549,44.13717,2016-10-01,-0.7093417,2016,10,501.53822165331263
5855,150328,-70.10786,44.1369,2016-10-01,-1.725779,2016,10,50.15382216533126
5856,150329,-70.10749,44.1369,2016-10-01,-1.828386,2016,10,50.15382216533126
5857,150330,-70.10711,44.1369,2016-10-01,-1.977861,2016,10,10.030764433066253
5858,150331,-70.10674,44.1369,2016-10-01,-1.717996,2016,10,50.15382216533126
5859,150332,-70.10636,44.1369,2016-10-01,-1.261239,2016,10,50.15382216533126
5860,150333,-70.10599,44.1369,2016-10-01,-0.8713116,2016,10,501.53822165331263
5861,150334,-70.10561,44.1369,2016-10-01,-0.437924,2016,10,501.53822165331263
5862,150335,-70.10524,44.1369,2016-10-01,-0.06669916,2016,10,501.53822165331263
5863,150336,-70.10486,44.1369,2016-10-01,0.06858243,2016,10,501.53822165331263
5864,150337,-70.10449,44.1369,2016-10-01,0.0284083,2016,10,501.53822165331263
5865,150338,-70.10411,44.1369,2016-10-01,-0.116496,2016,10,501.53822165331263
5866,150339,-70.10374,44.1369,2016-10-01,-0.2935552,2016,10,501.53822165331263
5867,150340,-70.10336,44.1369,2016-10-01,-0.1904267,2016,10,501.53822165331263
5868,150341,-70.10299,44.1369,2016-10-01,-0.1377314,2016,10,501.53822165331263
5869,150342,-70.10261,44.1369,2016-10-01,0.1264236,2016,10,501.53822165331263
5870,150343,-70.10224,44.1369,2016-10-01,0.3016902,2016,10,501.53822165331263
5871,150344,-70.10186,44.1369,2016-10-01,0.6577113,2016,10,501.53822165331263
5872,150345,-70.10149,44.1369,2016-10-01,0.8923846,2016,10,501.53822165331263
5873,150346,-70.10111,44.1369,2016-10-01,1.129778,2016,10,952.922621141294
5874,150347,-70.10074,44.1369,2016-10-01,1.301645,2016,10,952.922621141294
5875,150348,-70.10036,44.1369,2016-10-01,1.336855,2016,10,952.922621141294
5876,150349,-70.09999,44.1369,2016-10-01,1.526202,2016,10,952.922621141294
5877,150350,-70.09961,44.1369,2016-10-01,1.669801,2016,10,952.922621141294
5878,150351,-70.09924,44.1369,2016-10-01,1.82086,2016,10,952.922621141294
5879,150352,-70.09886,44.1369,2016-10-01,1.953157,2016,10,952.922621141294
5880,150353,-70.09849,44.1369,2016-10-01,1.887265,2016,10,952.922621141294
5881,150354,-70.09811,44.1369,2016-10-01,1.788283,2016,10,952.922621141294
5882,150355,-70.09774,44.1369,2016-10-01,1.654489,2016,10,952.922621141294
5883,150356,-70.09736,44.1369,2016-10-01,1.271445,2016,10,952.922621141294
5884,150357,-70.09699,44.1369,2016-10-01,0.7509011,2016,10,501.53822165331263
5885,150358,-70.09661,44.1369,2016-10-01,0.01925999,2016,10,501.53822165331263
5886,150359,-70.09624,44.1369,2016-10-01,-0.4925888,2016,10,501.53822165331263
5887,150360,-70.09586,44.1369,2016-10-01,-0.363591,2016,10,501.53822165331263
5888,150361,-70.09549,44.1369,2016-10-01,-0.2869429,2016,10,501.53822165331263
5889,150362,-70.10786,44.13663,2016-10-01,-1.661625,2016,10,50.15382216533126
5890,150363,-70.10749,44.13663,2016-10-01,-1.66951,2016,10,50.15382216533126
5891,150364,-70.10711,44.13663,2016-10-01,-1.840941,2016,10,50.15382216533126
5892,150365,-70.10674,44.13663,2016-10-01,-1.521533,2016,10,50.15382216533126
5893,150366,-70.10636,44.13663,2016-10-01,-1.106714,2016,10,50.15382216533126
5894,150367,-70.10599,44.13663,2016-10-01,-0.7284056,2016,10,501.53822165331263
5895,150368,-70.10561,44.13663,2016-10-01,-0.3784076,2016,10,501.53822165331263
5896,150369,-70.10524,44.13663,2016-10-01,-0.0571751,2016,10,501.53822165331263
5897,150370,-70.10486,44.13663,2016-10-01,0.05569764,2016,10,501.53822165331263
5898,150371,-70.10449,44.13663,2016-10-01,-0.02314973,2016,10,501.53822165331263
5899,150372,-70.10411,44.13663,2016-10-01,-0.1867607,2016,10,501.53822165331263
5900,150373,-70.10374,44.13663,2016-10-01,-0.3354632,2016,10,501.53822165331263
5901,150374,-70.10336,44.13663,2016-10-01,-0.271306,2016,10,501.53822165331263
5902,150375,-70.10299,44.13663,2016-10-01,-0.1614836,2016,10,501.53822165331263
5903,150376,-70.10261,44.13663,2016-10-01,0.112824,2016,10,501.53822165331263
5904,150377,-70.10224,44.13663,2016-10-01,0.3262647,2016,10,501.53822165331263
5905,150378,-70.10186,44.13663,2016-10-01,0.6319472,2016,10,501.53822165331263
5906,150379,-70.10149,44.13663,2016-10-01,0.8272802,2016,10,501.53822165331263
5907,150380,-70.10111,44.13663,2016-10-01,0.9877704,2016,10,501.53822165331263
5908,150381,-70.10074,44.13663,2016-10-01,1.161712,2016,10,952.922621141294
5909,150382,-70.10036,44.13663,2016-10-01,1.242738,2016,10,952.922621141294
5910,150383,-70.09999,44.13663,2016-10-01,1.486965,2016,10,952.922621141294
5911,150384,-70.09961,44.13663,2016-10-01,1.646206,2016,10,952.922621141294
5912,150385,-70.09924,44.13663,2016-10-01,1.831631,2016,10,952.922621141294
5913,150386,-70.09886,44.13663,2016-10-01,1.943992,2016,10,952.922621141294
5914,150387,-70.09849,44.13663,2016-10-01,1.936672,2016,10,952.922621141294
5915,150388,-70.09811,44.13663,2016-10-01,1.855314,2016,10,952.922621141294
5916,150389,-70.09774,44.13663,2016-10-01,1.74502,2016,10,952.922621141294
5917,150390,-70.09736,44.13663,2016-10-01,1.373251,2016,10,952.922621141294
5918,150391,-70.09699,44.13663,2016-10-01,0.8896879,2016,10,501.53822165331263
5919,150392,-70.09661,44.13663,2016-10-01,0.2586805,2016,10,501.53822165331263
5920,150393,-70.09624,44.13663,2016-10-01,-0.3126603,2016,10,501.53822165331263
5921,150394,-70.09586,44.13663,2016-10-01,-0.7152415,2016,10,501.53822165331263
5922,150395,-70.09549,44.13663,2016-10-01,-0.6706709,2016,10,501.53822165331263
5923,150396,-70.10786,44.13636,2016-10-01,-1.452723,2016,10,50.15382216533126
5924,150397,-70.10749,44.13636,2016-10-01,-1.401184,2016,10,50.15382216533126
5925,150398,-70.10711,44.13636,2016-10-01,-1.50955,2016,10,50.15382216533126
5926,150399,-70.10674,44.13636,2016-10-01,-1.30689,2016,10,50.15382216533126
5927,150400,-70.10636,44.13636,2016-10-01,-0.9737873,2016,10,501.53822165331263
5928,150401,-70.10599,44.13636,2016-10-01,-0.6380251,2016,10,501.53822165331263
5929,150402,-70.10561,44.13636,2016-10-01,-0.3781095,2016,10,501.53822165331263
5930,150403,-70.10524,44.13636,2016-10-01,-0.1063338,2016,10,501.53822165331263
5931,150404,-70.10486,44.13636,2016-10-01,0.02472546,2016,10,501.53822165331263
5932,150405,-70.10449,44.13636,2016-10-01,-0.004031163,2016,10,501.53822165331263
5933,150406,-70.10411,44.13636,2016-10-01,-0.1601914,2016,10,501.53822165331263
5934,150407,-70.10374,44.13636,2016-10-01,-0.3016156,2016,10,501.53822165331263
5935,150408,-70.10336,44.13636,2016-10-01,-0.2953522,2016,10,501.53822165331263
5936,150409,-70.10299,44.13636,2016-10-01,-0.2115323,2016,10,501.53822165331263
5937,150410,-70.10261,44.13636,2016-10-01,0.0003767644,2016,10,501.53822165331263
5938,150411,-70.10224,44.13636,2016-10-01,0.2039337,2016,10,501.53822165331263
5939,150412,-70.10186,44.13636,2016-10-01,0.4654805,2016,10,501.53822165331263
5940,150413,-70.10149,44.13636,2016-10-01,0.6980846,2016,10,501.53822165331263
5941,150414,-70.10111,44.13636,2016-10-01,0.873958,2016,10,501.53822165331263
5942,150415,-70.10074,44.13636,2016-10-01,1.073286,2016,10,952.922621141294
5943,150416,-70.10036,44.13636,2016-10-01,1.19684,2016,10,952.922621141294
5944,150417,-70.09999,44.13636,2016-10-01,1.451067,2016,10,952.922621141294
5945,150418,-70.09961,44.13636,2016-10-01,1.640409,2016,10,952.922621141294
5946,150419,-70.09924,44.13636,2016-10-01,1.844411,2016,10,952.922621141294
5947,150420,-70.09886,44.13636,2016-10-01,1.88974,2016,10,952.922621141294
5948,150421,-70.09849,44.13636,2016-10-01,1.874729,2016,10,952.922621141294
5949,150422,-70.09811,44.13636,2016-10-01,1.788242,2016,10,952.922621141294
5950,150423,-70.09774,44.13636,2016-10-01,1.690132,2016,10,952.922621141294
5951,150424,-70.09736,44.13636,2016-10-01,1.417725,2016,10,952.922621141294
5952,150425,-70.09699,44.13636,2016-10-01,0.9976393,2016,10,501.53822165331263
5953,150426,-70.09661,44.13636,2016-10-01,0.4644375,2016,10,501.53822165331263
5954,150427,-70.09624,44.13636,2016-10-01,-0.03974432,2016,10,501.53822165331263
5955,150428,-70.09586,44.13636,2016-10-01,-0.5446594,2016,10,501.53822165331263
5956,150429,-70.09549,44.13636,2016-10-01,-0.5379521,2016,10,501.53822165331263
5957,150430,-70.10786,44.13609,2016-10-01,-1.186585,2016,10,50.15382216533126
5958,150431,-70.10749,44.13609,2016-10-01,-1.084646,2016,10,50.15382216533126
5959,150432,-70.10711,44.13609,2016-10-01,-1.144578,2016,10,50.15382216533126
5960,150433,-70.10674,44.13609,2016-10-01,-1.132851,2016,10,50.15382216533126
5961,150434,-70.10636,44.13609,2016-10-01,-0.8607776,2016,10,501.53822165331263
5962,150435,-70.10599,44.13609,2016-10-01,-0.607466,2016,10,501.53822165331263
5963,150436,-70.10561,44.13609,2016-10-01,-0.3353945,2016,10,501.53822165331263
5964,150437,-70.10524,44.13609,2016-10-01,-0.04306625,2016,10,501.53822165331263
5965,150438,-70.10486,44.13609,2016-10-01,0.06670207,2016,10,501.53822165331263
5966,150439,-70.10449,44.13609,2016-10-01,-0.02816349,2016,10,501.53822165331263
5967,150440,-70.10411,44.13609,2016-10-01,-0.1857374,2016,10,501.53822165331263
5968,150441,-70.10374,44.13609,2016-10-01,-0.3586678,2016,10,501.53822165331263
5969,150442,-70.10336,44.13609,2016-10-01,-0.364546,2016,10,501.53822165331263
5970,150443,-70.10299,44.13609,2016-10-01,-0.2781749,2016,10,501.53822165331263
5971,150444,-70.10261,44.13609,2016-10-01,-0.06859991,2016,10,501.53822165331263
5972,150445,-70.10224,44.13609,2016-10-01,0.1433955,2016,10,501.53822165331263
5973,150446,-70.10186,44.13609,2016-10-01,0.3884772,2016,10,501.53822165331263
5974,150447,-70.10149,44.13609,2016-10-01,0.6089495,2016,10,501.53822165331263
5975,150448,-70.10111,44.13609,2016-10-01,0.8011552,2016,10,501.53822165331263
5976,150449,-70.10074,44.13609,2016-10-01,1.007758,2016,10,952.922621141294
5977,150450,-70.10036,44.13609,2016-10-01,1.156321,2016,10,952.922621141294
5978,150451,-70.09999,44.13609,2016-10-01,1.431386,2016,10,952.922621141294
5979,150452,-70.09961,44.13609,2016-10-01,1.62848,2016,10,952.922621141294
5980,150453,-70.09924,44.13609,2016-10-01,1.841301,2016,10,952.922621141294
5981,150454,-70.09886,44.13609,2016-10-01,1.868893,2016,10,952.922621141294
5982,150455,-70.09849,44.13609,2016-10-01,1.853095,2016,10,952.922621141294
5983,150456,-70.09811,44.13609,2016-10-01,1.743946,2016,10,952.922621141294
5984,150457,-70.09774,44.13609,2016-10-01,1.605859,2016,10,952.922621141294
5985,150458,-70.09736,44.13609,2016-10-01,1.395281,2016,10,952.922621141294
5986,150459,-70.09699,44.13609,2016-10-01,1.029576,2016,10,952.922621141294
5987,150460,-70.09661,44.13609,2016-10-01,0.6270297,2016,10,501.53822165331263
5988,150461,-70.09624,44.13609,2016-10-01,0.1432454,2016,10,501.53822165331263
5989,150462,-70.09586,44.13609,2016-10-01,-0.3844407,2016,10,501.53822165331263
5990,150463,-70.09549,44.13609,2016-10-01,-0.4990573,2016,10,501.53822165331263
5991,150464,-70.10786,44.13582,2016-10-01,-0.8797207,2016,10,501.53822165331263
5992,150465,-70.10749,44.13582,2016-10-01,-0.7513191,2016,10,501.53822165331263
5993,150466,-70.10711,44.13582,2016-10-01,-0.7948514,2016,10,501.53822165331263
5994,150467,-70.10674,44.13582,2016-10-01,-0.8776375,2016,10,501.53822165331263
5995,150468,-70.10636,44.13582,2016-10-01,-0.6793031,2016,10,501.53822165331263
5996,150469,-70.10599,44.13582,2016-10-01,-0.4857364,2016,10,501.53822165331263
5997,150470,-70.10561,44.13582,2016-10-01,-0.159237,2016,10,501.53822165331263
5998,150471,-70.10524,44.13582,2016-10-01,0.08877672,2016,10,501.53822165331263
5999,150472,-70.10486,44.13582,2016-10-01,0.1756288,2016,10,501.53822165331263
6000,150473,-70.10449,44.13582,2016-10-01,0.1064244,2016,10,501.53822165331263
6001,150474,-70.10411,44.13582,2016-10-01,-0.04162634,2016,10,501.53822165331263
6002,150475,-70.10374,44.13582,2016-10-01,-0.2197807,2016,10,501.53822165331263
6003,150476,-70.10336,44.13582,2016-10-01,-0.2809624,2016,10,501.53822165331263
6004,150477,-70.10299,44.13582,2016-10-01,-0.2852781,2016,10,501.53822165331263
6005,150478,-70.10261,44.13582,2016-10-01,-0.1568168,2016,10,501.53822165331263
6006,150479,-70.10224,44.13582,2016-10-01,0.01644177,2016,10,501.53822165331263
6007,150480,-70.10186,44.13582,2016-10-01,0.2447887,2016,10,501.53822165331263
6008,150481,-70.10149,44.13582,2016-10-01,0.477722,2016,10,501.53822165331263
6009,150482,-70.10111,44.13582,2016-10-01,0.664935,2016,10,501.53822165331263
6010,150483,-70.10074,44.13582,2016-10-01,0.8934204,2016,10,501.53822165331263
6011,150484,-70.10036,44.13582,2016-10-01,1.079713,2016,10,952.922621141294
6012,150485,-70.09999,44.13582,2016-10-01,1.380261,2016,10,952.922621141294
6013,150486,-70.09961,44.13582,2016-10-01,1.585242,2016,10,952.922621141294
6014,150487,-70.09924,44.13582,2016-10-01,1.833559,2016,10,952.922621141294
6015,150488,-70.09886,44.13582,2016-10-01,1.87815,2016,10,952.922621141294
6016,150489,-70.09849,44.13582,2016-10-01,1.882439,2016,10,952.922621141294
6017,150490,-70.09811,44.13582,2016-10-01,1.738711,2016,10,952.922621141294
6018,150491,-70.09774,44.13582,2016-10-01,1.569075,2016,10,952.922621141294
6019,150492,-70.09736,44.13582,2016-10-01,1.33788,2016,10,952.922621141294
6020,150493,-70.09699,44.13582,2016-10-01,0.9702365,2016,10,501.53822165331263
6021,150494,-70.09661,44.13582,2016-10-01,0.5788592,2016,10,501.53822165331263
6022,150495,-70.09624,44.13582,2016-10-01,0.1451833,2016,10,501.53822165331263
6023,150496,-70.09586,44.13582,2016-10-01,-0.390736,2016,10,501.53822165331263
6024,150497,-70.09549,44.13582,2016-10-01,-0.8431415,2016,10,501.53822165331263
6025,150498,-70.09511,44.13582,2016-10-01,-1.388417,2016,10,50.15382216533126
6026,150499,-70.10786,44.13555,2016-10-01,0.4154172,2016,10,501.53822165331263
6027,150500,-70.10749,44.13555,2016-10-01,0.9128495,2016,10,501.53822165331263
6028,150501,-70.10711,44.13555,2016-10-01,-0.5955041,2016,10,501.53822165331263
6029,150502,-70.10674,44.13555,2016-10-01,-0.6851505,2016,10,501.53822165331263
6030,150503,-70.10636,44.13555,2016-10-01,-0.4940185,2016,10,501.53822165331263
6031,150504,-70.10599,44.13555,2016-10-01,-0.2675204,2016,10,501.53822165331263
6032,150505,-70.10561,44.13555,2016-10-01,0.051169,2016,10,501.53822165331263
6033,150506,-70.10524,44.13555,2016-10-01,0.2447466,2016,10,501.53822165331263
6034,150507,-70.10486,44.13555,2016-10-01,0.3185742,2016,10,501.53822165331263
6035,150508,-70.10449,44.13555,2016-10-01,0.2560724,2016,10,501.53822165331263
6036,150509,-70.10411,44.13555,2016-10-01,0.08229546,2016,10,501.53822165331263
6037,150510,-70.10374,44.13555,2016-10-01,-0.08646219,2016,10,501.53822165331263
6038,150511,-70.10336,44.13555,2016-10-01,-0.1981573,2016,10,501.53822165331263
6039,150512,-70.10299,44.13555,2016-10-01,-0.2300993,2016,10,501.53822165331263
6040,150513,-70.10261,44.13555,2016-10-01,-0.1603131,2016,10,501.53822165331263
6041,150514,-70.10224,44.13555,2016-10-01,-0.02197718,2016,10,501.53822165331263
6042,150515,-70.10186,44.13555,2016-10-01,0.1321675,2016,10,501.53822165331263
6043,150516,-70.10149,44.13555,2016-10-01,0.3475682,2016,10,501.53822165331263
6044,150517,-70.10111,44.13555,2016-10-01,0.5265174,2016,10,501.53822165331263
6045,150518,-70.10074,44.13555,2016-10-01,0.7740685,2016,10,501.53822165331263
6046,150519,-70.10036,44.13555,2016-10-01,1.014177,2016,10,952.922621141294
6047,150520,-70.09999,44.13555,2016-10-01,1.3094,2016,10,952.922621141294
6048,150521,-70.09961,44.13555,2016-10-01,1.531515,2016,10,952.922621141294
6049,150522,-70.09924,44.13555,2016-10-01,1.814367,2016,10,952.922621141294
6050,150523,-70.09886,44.13555,2016-10-01,1.884263,2016,10,952.922621141294
6051,150524,-70.09849,44.13555,2016-10-01,1.924166,2016,10,952.922621141294
6052,150525,-70.09811,44.13555,2016-10-01,1.776409,2016,10,952.922621141294
6053,150526,-70.09774,44.13555,2016-10-01,1.55741,2016,10,952.922621141294
6054,150527,-70.09736,44.13555,2016-10-01,1.264098,2016,10,952.922621141294
6055,150528,-70.09699,44.13555,2016-10-01,0.8964668,2016,10,501.53822165331263
6056,150529,-70.09661,44.13555,2016-10-01,0.4493453,2016,10,501.53822165331263
6057,150530,-70.09624,44.13555,2016-10-01,0.1158758,2016,10,501.53822165331263
6058,150531,-70.09586,44.13555,2016-10-01,-0.3663326,2016,10,501.53822165331263
6059,150532,-70.09549,44.13555,2016-10-01,-0.9097797,2016,10,501.53822165331263
6060,150533,-70.09511,44.13555,2016-10-01,-1.502399,2016,10,50.15382216533126
6061,150534,-70.09474,44.13555,2016-10-01,-1.476751,2016,10,50.15382216533126
6062,150535,-70.10786,44.13528,2016-10-01,0.4545567,2016,10,501.53822165331263
6063,150536,-70.10749,44.13528,2016-10-01,1.166992,2016,10,952.922621141294
6064,150537,-70.10711,44.13528,2016-10-01,-0.5034309,2016,10,501.53822165331263
6065,150538,-70.10674,44.13528,2016-10-01,-0.5459464,2016,10,501.53822165331263
6066,150539,-70.10636,44.13528,2016-10-01,-0.3842784,2016,10,501.53822165331263
6067,150540,-70.10599,44.13528,2016-10-01,-0.1345114,2016,10,501.53822165331263
6068,150541,-70.10561,44.13528,2016-10-01,0.2411726,2016,10,501.53822165331263
6069,150542,-70.10524,44.13528,2016-10-01,0.4510367,2016,10,501.53822165331263
6070,150543,-70.10486,44.13528,2016-10-01,0.4561297,2016,10,501.53822165331263
6071,150544,-70.10449,44.13528,2016-10-01,0.363182,2016,10,501.53822165331263
6072,150545,-70.10411,44.13528,2016-10-01,0.2586454,2016,10,501.53822165331263
6073,150546,-70.10374,44.13528,2016-10-01,0.05621859,2016,10,501.53822165331263
6074,150547,-70.10336,44.13528,2016-10-01,-0.08780888,2016,10,501.53822165331263
6075,150548,-70.10299,44.13528,2016-10-01,-0.2014437,2016,10,501.53822165331263
6076,150549,-70.10261,44.13528,2016-10-01,-0.2173037,2016,10,501.53822165331263
6077,150550,-70.10224,44.13528,2016-10-01,-0.08505066,2016,10,501.53822165331263
6078,150551,-70.10186,44.13528,2016-10-01,0.05937252,2016,10,501.53822165331263
6079,150552,-70.10149,44.13528,2016-10-01,0.235625,2016,10,501.53822165331263
6080,150553,-70.10111,44.13528,2016-10-01,0.3943655,2016,10,501.53822165331263
6081,150554,-70.10074,44.13528,2016-10-01,0.593752,2016,10,501.53822165331263
6082,150555,-70.10036,44.13528,2016-10-01,0.8949356,2016,10,501.53822165331263
6083,150556,-70.09999,44.13528,2016-10-01,1.216179,2016,10,952.922621141294
6084,150557,-70.09961,44.13528,2016-10-01,1.467891,2016,10,952.922621141294
6085,150558,-70.09924,44.13528,2016-10-01,1.738151,2016,10,952.922621141294
6086,150559,-70.09886,44.13528,2016-10-01,1.920332,2016,10,952.922621141294
6087,150560,-70.09849,44.13528,2016-10-01,1.981993,2016,10,993.045678873559
6088,150561,-70.09811,44.13528,2016-10-01,1.869801,2016,10,952.922621141294
6089,150562,-70.09774,44.13528,2016-10-01,1.597704,2016,10,952.922621141294
6090,150563,-70.09736,44.13528,2016-10-01,1.212236,2016,10,952.922621141294
6091,150564,-70.09699,44.13528,2016-10-01,0.7663841,2016,10,501.53822165331263
6092,150565,-70.09661,44.13528,2016-10-01,0.3291632,2016,10,501.53822165331263
6093,150566,-70.09624,44.13528,2016-10-01,0.09117119,2016,10,501.53822165331263
6094,150567,-70.09586,44.13528,2016-10-01,-0.2681849,2016,10,501.53822165331263
6095,150568,-70.09549,44.13528,2016-10-01,-0.7819389,2016,10,501.53822165331263
6096,150569,-70.09511,44.13528,2016-10-01,-1.483904,2016,10,50.15382216533126
6097,150570,-70.09474,44.13528,2016-10-01,-1.476135,2016,10,50.15382216533126
6098,150571,-70.10824,44.13501,2016-10-01,0.895411,2016,10,501.53822165331263
6099,150572,-70.10786,44.13501,2016-10-01,1.361702,2016,10,952.922621141294
6100,150573,-70.10749,44.13501,2016-10-01,1.071115,2016,10,952.922621141294
6101,150574,-70.10711,44.13501,2016-10-01,-0.5182066,2016,10,501.53822165331263
6102,150575,-70.10674,44.13501,2016-10-01,-0.6177298,2016,10,501.53822165331263
6103,150576,-70.10636,44.13501,2016-10-01,-0.436895,2016,10,501.53822165331263
6104,150577,-70.10599,44.13501,2016-10-01,-0.08278647,2016,10,501.53822165331263
6105,150578,-70.10561,44.13501,2016-10-01,0.3141134,2016,10,501.53822165331263
6106,150579,-70.10524,44.13501,2016-10-01,0.5394941,2016,10,501.53822165331263
6107,150580,-70.10486,44.13501,2016-10-01,0.5693124,2016,10,501.53822165331263
6108,150581,-70.10449,44.13501,2016-10-01,0.4492008,2016,10,501.53822165331263
6109,150582,-70.10411,44.13501,2016-10-01,0.3499486,2016,10,501.53822165331263
6110,150583,-70.10374,44.13501,2016-10-01,0.0876946,2016,10,501.53822165331263
6111,150584,-70.10336,44.13501,2016-10-01,-0.0004677137,2016,10,501.53822165331263
6112,150585,-70.10299,44.13501,2016-10-01,-0.1193791,2016,10,501.53822165331263
6113,150586,-70.10261,44.13501,2016-10-01,-0.1458689,2016,10,501.53822165331263
6114,150587,-70.10224,44.13501,2016-10-01,-0.1032977,2016,10,501.53822165331263
6115,150588,-70.10186,44.13501,2016-10-01,0.03566527,2016,10,501.53822165331263
6116,150589,-70.10149,44.13501,2016-10-01,0.1778011,2016,10,501.53822165331263
6117,150590,-70.10111,44.13501,2016-10-01,0.3800012,2016,10,501.53822165331263
6118,150591,-70.10074,44.13501,2016-10-01,0.5728774,2016,10,501.53822165331263
6119,150592,-70.10036,44.13501,2016-10-01,0.8340084,2016,10,501.53822165331263
6120,150593,-70.09999,44.13501,2016-10-01,1.110571,2016,10,952.922621141294
6121,150594,-70.09961,44.13501,2016-10-01,1.390353,2016,10,952.922621141294
6122,150595,-70.09924,44.13501,2016-10-01,1.596881,2016,10,952.922621141294
6123,150596,-70.09886,44.13501,2016-10-01,1.837001,2016,10,952.922621141294
6124,150597,-70.09849,44.13501,2016-10-01,1.900191,2016,10,952.922621141294
6125,150598,-70.09811,44.13501,2016-10-01,1.862176,2016,10,952.922621141294
6126,150599,-70.09774,44.13501,2016-10-01,1.56036,2016,10,952.922621141294
6127,150600,-70.09736,44.13501,2016-10-01,1.168702,2016,10,952.922621141294
6128,150601,-70.09699,44.13501,2016-10-01,0.6881009,2016,10,501.53822165331263
6129,150602,-70.09661,44.13501,2016-10-01,0.3030046,2016,10,501.53822165331263
6130,150603,-70.09624,44.13501,2016-10-01,0.1353768,2016,10,501.53822165331263
6131,150604,-70.09586,44.13501,2016-10-01,0.002036204,2016,10,501.53822165331263
6132,150605,-70.09549,44.13501,2016-10-01,-0.3599588,2016,10,501.53822165331263
6133,150606,-70.09511,44.13501,2016-10-01,-1.076356,2016,10,50.15382216533126
6134,150607,-70.09474,44.13501,2016-10-01,-1.156505,2016,10,50.15382216533126
6135,150608,-70.10824,44.13474,2016-10-01,0.6428641,2016,10,501.53822165331263
6136,150609,-70.10786,44.13474,2016-10-01,0.05651319,2016,10,501.53822165331263
6137,150610,-70.10749,44.13474,2016-10-01,-0.2877089,2016,10,501.53822165331263
6138,150611,-70.10711,44.13474,2016-10-01,-0.7921012,2016,10,501.53822165331263
6139,150612,-70.10674,44.13474,2016-10-01,-0.7449336,2016,10,501.53822165331263
6140,150613,-70.10636,44.13474,2016-10-01,-0.6247221,2016,10,501.53822165331263
6141,150614,-70.10599,44.13474,2016-10-01,-0.2287599,2016,10,501.53822165331263
6142,150615,-70.10561,44.13474,2016-10-01,0.2115165,2016,10,501.53822165331263
6143,150616,-70.10524,44.13474,2016-10-01,0.4818106,2016,10,501.53822165331263
6144,150617,-70.10486,44.13474,2016-10-01,0.5405074,2016,10,501.53822165331263
6145,150618,-70.10449,44.13474,2016-10-01,0.4666897,2016,10,501.53822165331263
6146,150619,-70.10411,44.13474,2016-10-01,0.4398952,2016,10,501.53822165331263
6147,150620,-70.10374,44.13474,2016-10-01,0.1978841,2016,10,501.53822165331263
6148,150621,-70.10336,44.13474,2016-10-01,0.08395057,2016,10,501.53822165331263
6149,150622,-70.10299,44.13474,2016-10-01,-0.1401833,2016,10,501.53822165331263
6150,150623,-70.10261,44.13474,2016-10-01,-0.1103752,2016,10,501.53822165331263
6151,150624,-70.10224,44.13474,2016-10-01,-0.1062193,2016,10,501.53822165331263
6152,150625,-70.10186,44.13474,2016-10-01,0.07606647,2016,10,501.53822165331263
6153,150626,-70.10149,44.13474,2016-10-01,0.2104615,2016,10,501.53822165331263
6154,150627,-70.10111,44.13474,2016-10-01,0.3934525,2016,10,501.53822165331263
6155,150628,-70.10074,44.13474,2016-10-01,0.5588431,2016,10,501.53822165331263
6156,150629,-70.10036,44.13474,2016-10-01,0.7662889,2016,10,501.53822165331263
6157,150630,-70.09999,44.13474,2016-10-01,0.9655007,2016,10,501.53822165331263
6158,150631,-70.09961,44.13474,2016-10-01,1.176222,2016,10,952.922621141294
6159,150632,-70.09924,44.13474,2016-10-01,1.334355,2016,10,952.922621141294
6160,150633,-70.09886,44.13474,2016-10-01,1.615262,2016,10,952.922621141294
6161,150634,-70.09849,44.13474,2016-10-01,1.680339,2016,10,952.922621141294
6162,150635,-70.09811,44.13474,2016-10-01,1.627827,2016,10,952.922621141294
6163,150636,-70.09774,44.13474,2016-10-01,1.362887,2016,10,952.922621141294
6164,150637,-70.09736,44.13474,2016-10-01,1.035202,2016,10,952.922621141294
6165,150638,-70.09699,44.13474,2016-10-01,0.6226525,2016,10,501.53822165331263
6166,150639,-70.09661,44.13474,2016-10-01,0.3097249,2016,10,501.53822165331263
6167,150640,-70.09624,44.13474,2016-10-01,0.1847431,2016,10,501.53822165331263
6168,150641,-70.09586,44.13474,2016-10-01,0.2139011,2016,10,501.53822165331263
6169,150642,-70.09549,44.13474,2016-10-01,-0.01859673,2016,10,501.53822165331263
6170,150643,-70.09511,44.13474,2016-10-01,-0.6834109,2016,10,501.53822165331263
6171,150644,-70.09474,44.13474,2016-10-01,-0.746638,2016,10,501.53822165331263
6172,150645,-70.10786,44.13447,2016-10-01,0.01022265,2016,10,501.53822165331263
6173,150646,-70.10749,44.13447,2016-10-01,-0.5149659,2016,10,501.53822165331263
6174,150647,-70.10711,44.13447,2016-10-01,-0.9173337,2016,10,501.53822165331263
6175,150648,-70.10674,44.13447,2016-10-01,-0.9886488,2016,10,501.53822165331263
6176,150649,-70.10636,44.13447,2016-10-01,-1.010335,2016,10,50.15382216533126
6177,150650,-70.10599,44.13447,2016-10-01,-0.5760877,2016,10,501.53822165331263
6178,150651,-70.10561,44.13447,2016-10-01,-0.04107976,2016,10,501.53822165331263
6179,150652,-70.10524,44.13447,2016-10-01,0.3011096,2016,10,501.53822165331263
6180,150653,-70.10486,44.13447,2016-10-01,0.5097436,2016,10,501.53822165331263
6181,150654,-70.10449,44.13447,2016-10-01,0.446713,2016,10,501.53822165331263
6182,150655,-70.10411,44.13447,2016-10-01,0.4467169,2016,10,501.53822165331263
6183,150656,-70.10374,44.13447,2016-10-01,0.2565949,2016,10,501.53822165331263
6184,150657,-70.10336,44.13447,2016-10-01,0.2167193,2016,10,501.53822165331263
6185,150658,-70.10299,44.13447,2016-10-01,0.02721112,2016,10,501.53822165331263
6186,150659,-70.10261,44.13447,2016-10-01,0.05879329,2016,10,501.53822165331263
6187,150660,-70.10224,44.13447,2016-10-01,-0.02037707,2016,10,501.53822165331263
6188,150661,-70.10186,44.13447,2016-10-01,0.09102085,2016,10,501.53822165331263
6189,150662,-70.10149,44.13447,2016-10-01,0.2432506,2016,10,501.53822165331263
6190,150663,-70.10111,44.13447,2016-10-01,0.4169216,2016,10,501.53822165331263
6191,150664,-70.10074,44.13447,2016-10-01,0.5730197,2016,10,501.53822165331263
6192,150665,-70.10036,44.13447,2016-10-01,0.6934959,2016,10,501.53822165331263
6193,150666,-70.09999,44.13447,2016-10-01,0.7735109,2016,10,501.53822165331263
6194,150667,-70.09961,44.13447,2016-10-01,0.9397549,2016,10,501.53822165331263
6195,150668,-70.09924,44.13447,2016-10-01,1.082373,2016,10,952.922621141294
6196,150669,-70.09886,44.13447,2016-10-01,1.278214,2016,10,952.922621141294
6197,150670,-70.09849,44.13447,2016-10-01,1.413595,2016,10,952.922621141294
6198,150671,-70.09811,44.13447,2016-10-01,1.380954,2016,10,952.922621141294
6199,150672,-70.09774,44.13447,2016-10-01,1.200733,2016,10,952.922621141294
6200,150673,-70.09736,44.13447,2016-10-01,0.8824472,2016,10,501.53822165331263
6201,150674,-70.09699,44.13447,2016-10-01,0.5733261,2016,10,501.53822165331263
6202,150675,-70.09661,44.13447,2016-10-01,0.3434872,2016,10,501.53822165331263
6203,150676,-70.09624,44.13447,2016-10-01,0.2476342,2016,10,501.53822165331263
6204,150677,-70.09586,44.13447,2016-10-01,0.3504993,2016,10,501.53822165331263
6205,150678,-70.09549,44.13447,2016-10-01,0.1868234,2016,10,501.53822165331263
6206,150679,-70.09511,44.13447,2016-10-01,-0.4496113,2016,10,501.53822165331263
6207,150680,-70.09474,44.13447,2016-10-01,-0.5169118,2016,10,501.53822165331263
6208,150681,-70.10749,44.1342,2016-10-01,-0.5092033,2016,10,501.53822165331263
6209,150682,-70.10711,44.1342,2016-10-01,-1.202447,2016,10,50.15382216533126
6210,150683,-70.10674,44.1342,2016-10-01,-1.373605,2016,10,50.15382216533126
6211,150684,-70.10636,44.1342,2016-10-01,-1.379877,2016,10,50.15382216533126
6212,150685,-70.10599,44.1342,2016-10-01,-0.7743444,2016,10,501.53822165331263
6213,150686,-70.10561,44.1342,2016-10-01,-0.1845291,2016,10,501.53822165331263
6214,150687,-70.10524,44.1342,2016-10-01,0.1436252,2016,10,501.53822165331263
6215,150688,-70.10486,44.1342,2016-10-01,0.4725109,2016,10,501.53822165331263
6216,150689,-70.10449,44.1342,2016-10-01,0.5011492,2016,10,501.53822165331263
6217,150690,-70.10411,44.1342,2016-10-01,0.6044259,2016,10,501.53822165331263
6218,150691,-70.10374,44.1342,2016-10-01,0.4674057,2016,10,501.53822165331263
6219,150692,-70.10336,44.1342,2016-10-01,0.3951744,2016,10,501.53822165331263
6220,150693,-70.10299,44.1342,2016-10-01,0.208738,2016,10,501.53822165331263
6221,150694,-70.10261,44.1342,2016-10-01,0.1584885,2016,10,501.53822165331263
6222,150695,-70.10224,44.1342,2016-10-01,0.0711291,2016,10,501.53822165331263
6223,150696,-70.10186,44.1342,2016-10-01,0.1455217,2016,10,501.53822165331263
6224,150697,-70.10149,44.1342,2016-10-01,0.2901962,2016,10,501.53822165331263
6225,150698,-70.10111,44.1342,2016-10-01,0.5019445,2016,10,501.53822165331263
6226,150699,-70.10074,44.1342,2016-10-01,0.6647448,2016,10,501.53822165331263
6227,150700,-70.10036,44.1342,2016-10-01,0.7423987,2016,10,501.53822165331263
6228,150701,-70.09999,44.1342,2016-10-01,0.7523198,2016,10,501.53822165331263
6229,150702,-70.09961,44.1342,2016-10-01,0.7231162,2016,10,501.53822165331263
6230,150703,-70.09924,44.1342,2016-10-01,0.8149326,2016,10,501.53822165331263
6231,150704,-70.09886,44.1342,2016-10-01,0.9666395,2016,10,501.53822165331263
6232,150705,-70.09849,44.1342,2016-10-01,1.143813,2016,10,952.922621141294
6233,150706,-70.09811,44.1342,2016-10-01,1.088089,2016,10,952.922621141294
6234,150707,-70.09774,44.1342,2016-10-01,0.9669068,2016,10,501.53822165331263
6235,150708,-70.09736,44.1342,2016-10-01,0.7678056,2016,10,501.53822165331263
6236,150709,-70.09699,44.1342,2016-10-01,0.5605789,2016,10,501.53822165331263
6237,150710,-70.09661,44.1342,2016-10-01,0.3611687,2016,10,501.53822165331263
6238,150711,-70.09624,44.1342,2016-10-01,0.2732325,2016,10,501.53822165331263
6239,150712,-70.09586,44.1342,2016-10-01,0.3281182,2016,10,501.53822165331263
6240,150713,-70.09549,44.1342,2016-10-01,0.1925632,2016,10,501.53822165331263
6241,150714,-70.09511,44.1342,2016-10-01,-0.3558921,2016,10,501.53822165331263
6242,150715,-70.09474,44.1342,2016-10-01,-0.6146586,2016,10,501.53822165331263
6243,150716,-70.10674,44.13393,2016-10-01,-1.028155,2016,10,50.15382216533126
6244,150717,-70.10636,44.13393,2016-10-01,-1.34269,2016,10,50.15382216533126
6245,150718,-70.10599,44.13393,2016-10-01,-0.8494094,2016,10,501.53822165331263
6246,150719,-70.10561,44.13393,2016-10-01,-0.329729,2016,10,501.53822165331263
6247,150720,-70.10524,44.13393,2016-10-01,0.1039815,2016,10,501.53822165331263
6248,150721,-70.10486,44.13393,2016-10-01,0.5156377,2016,10,501.53822165331263
6249,150722,-70.10449,44.13393,2016-10-01,0.579989,2016,10,501.53822165331263
6250,150723,-70.10411,44.13393,2016-10-01,0.6960236,2016,10,501.53822165331263
6251,150724,-70.10374,44.13393,2016-10-01,0.6383398,2016,10,501.53822165331263
6252,150725,-70.10336,44.13393,2016-10-01,0.5790258,2016,10,501.53822165331263
6253,150726,-70.10299,44.13393,2016-10-01,0.4719861,2016,10,501.53822165331263
6254,150727,-70.10261,44.13393,2016-10-01,0.3600544,2016,10,501.53822165331263
6255,150728,-70.10224,44.13393,2016-10-01,0.2497707,2016,10,501.53822165331263
6256,150729,-70.10186,44.13393,2016-10-01,0.2454643,2016,10,501.53822165331263
6257,150730,-70.10149,44.13393,2016-10-01,0.3266083,2016,10,501.53822165331263
6258,150731,-70.10111,44.13393,2016-10-01,0.6022558,2016,10,501.53822165331263
6259,150732,-70.10074,44.13393,2016-10-01,0.8219771,2016,10,501.53822165331263
6260,150733,-70.10036,44.13393,2016-10-01,0.8236758,2016,10,501.53822165331263
6261,150734,-70.09999,44.13393,2016-10-01,0.7221005,2016,10,501.53822165331263
6262,150735,-70.09961,44.13393,2016-10-01,0.5867069,2016,10,501.53822165331263
6263,150736,-70.09924,44.13393,2016-10-01,0.6974894,2016,10,501.53822165331263
6264,150737,-70.09886,44.13393,2016-10-01,0.8181001,2016,10,501.53822165331263
6265,150738,-70.09849,44.13393,2016-10-01,0.9765642,2016,10,501.53822165331263
6266,150739,-70.09811,44.13393,2016-10-01,0.9972525,2016,10,501.53822165331263
6267,150740,-70.09774,44.13393,2016-10-01,0.8887775,2016,10,501.53822165331263
6268,150741,-70.09736,44.13393,2016-10-01,0.6875108,2016,10,501.53822165331263
6269,150742,-70.09699,44.13393,2016-10-01,0.5291512,2016,10,501.53822165331263
6270,150743,-70.09661,44.13393,2016-10-01,0.3516787,2016,10,501.53822165331263
6271,150744,-70.09624,44.13393,2016-10-01,0.3171426,2016,10,501.53822165331263
6272,150745,-70.09586,44.13393,2016-10-01,0.2719339,2016,10,501.53822165331263
6273,150746,-70.09549,44.13393,2016-10-01,0.1638223,2016,10,501.53822165331263
6274,150747,-70.09511,44.13393,2016-10-01,-0.3639042,2016,10,501.53822165331263
6275,150748,-70.09474,44.13393,2016-10-01,-1.064803,2016,10,50.15382216533126
6276,150749,-70.09436,44.13393,2016-10-01,-1.977419,2016,10,10.030764433066253
6277,150750,-70.10636,44.13366,2016-10-01,-0.5888957,2016,10,501.53822165331263
6278,150751,-70.10599,44.13366,2016-10-01,-0.6344178,2016,10,501.53822165331263
6279,150752,-70.10561,44.13366,2016-10-01,-0.2316111,2016,10,501.53822165331263
6280,150753,-70.10524,44.13366,2016-10-01,0.265997,2016,10,501.53822165331263
6281,150754,-70.10486,44.13366,2016-10-01,0.6660531,2016,10,501.53822165331263
6282,150755,-70.10449,44.13366,2016-10-01,0.7247625,2016,10,501.53822165331263
6283,150756,-70.10411,44.13366,2016-10-01,0.8154613,2016,10,501.53822165331263
6284,150757,-70.10374,44.13366,2016-10-01,0.8055336,2016,10,501.53822165331263
6285,150758,-70.10336,44.13366,2016-10-01,0.7287931,2016,10,501.53822165331263
6286,150759,-70.10299,44.13366,2016-10-01,0.67977,2016,10,501.53822165331263
6287,150760,-70.10261,44.13366,2016-10-01,0.5295018,2016,10,501.53822165331263
6288,150761,-70.10224,44.13366,2016-10-01,0.4297058,2016,10,501.53822165331263
6289,150762,-70.10186,44.13366,2016-10-01,0.3873801,2016,10,501.53822165331263
6290,150763,-70.10149,44.13366,2016-10-01,0.439337,2016,10,501.53822165331263
6291,150764,-70.10111,44.13366,2016-10-01,0.6854405,2016,10,501.53822165331263
6292,150765,-70.10074,44.13366,2016-10-01,0.8766206,2016,10,501.53822165331263
6293,150766,-70.10036,44.13366,2016-10-01,0.9504987,2016,10,501.53822165331263
6294,150767,-70.09999,44.13366,2016-10-01,0.8811099,2016,10,501.53822165331263
6295,150768,-70.09961,44.13366,2016-10-01,0.711707,2016,10,501.53822165331263
6296,150769,-70.09924,44.13366,2016-10-01,0.7421453,2016,10,501.53822165331263
6297,150770,-70.09886,44.13366,2016-10-01,0.8085169,2016,10,501.53822165331263
6298,150771,-70.09849,44.13366,2016-10-01,0.9267435,2016,10,501.53822165331263
6299,150772,-70.09811,44.13366,2016-10-01,0.9109018,2016,10,501.53822165331263
6300,150773,-70.09774,44.13366,2016-10-01,0.8297155,2016,10,501.53822165331263
6301,150774,-70.09736,44.13366,2016-10-01,0.6743453,2016,10,501.53822165331263
6302,150775,-70.09699,44.13366,2016-10-01,0.5599178,2016,10,501.53822165331263
6303,150776,-70.09661,44.13366,2016-10-01,0.3471091,2016,10,501.53822165331263
6304,150777,-70.09624,44.13366,2016-10-01,0.33736,2016,10,501.53822165331263
6305,150778,-70.09586,44.13366,2016-10-01,0.2275952,2016,10,501.53822165331263
6306,150779,-70.09549,44.13366,2016-10-01,0.1037065,2016,10,501.53822165331263
6307,150780,-70.09511,44.13366,2016-10-01,-0.4372341,2016,10,501.53822165331263
6308,150781,-70.09474,44.13366,2016-10-01,-1.371086,2016,10,50.15382216533126
6309,150782,-70.09436,44.13366,2016-10-01,-2.340729,2016,10,10.030764433066253
6310,150783,-70.09399,44.13366,2016-10-01,-2.45523,2016,10,10.030764433066253
6311,150784,-70.10636,44.13339,2016-10-01,-0.5236541,2016,10,501.53822165331263
6312,150785,-70.10599,44.13339,2016-10-01,-0.4825003,2016,10,501.53822165331263
6313,150786,-70.10561,44.13339,2016-10-01,-0.3556198,2016,10,501.53822165331263
6314,150787,-70.10524,44.13339,2016-10-01,0.1254284,2016,10,501.53822165331263
6315,150788,-70.10486,44.13339,2016-10-01,0.5481696,2016,10,501.53822165331263
6316,150789,-70.10449,44.13339,2016-10-01,0.6857453,2016,10,501.53822165331263
6317,150790,-70.10411,44.13339,2016-10-01,0.8467283,2016,10,501.53822165331263
6318,150791,-70.10374,44.13339,2016-10-01,0.9113613,2016,10,501.53822165331263
6319,150792,-70.10336,44.13339,2016-10-01,0.8441013,2016,10,501.53822165331263
6320,150793,-70.10299,44.13339,2016-10-01,0.7729328,2016,10,501.53822165331263
6321,150794,-70.10261,44.13339,2016-10-01,0.6765884,2016,10,501.53822165331263
6322,150795,-70.10224,44.13339,2016-10-01,0.6205085,2016,10,501.53822165331263
6323,150796,-70.10186,44.13339,2016-10-01,0.6280822,2016,10,501.53822165331263
6324,150797,-70.10149,44.13339,2016-10-01,0.6386725,2016,10,501.53822165331263
6325,150798,-70.10111,44.13339,2016-10-01,0.8118576,2016,10,501.53822165331263
6326,150799,-70.10074,44.13339,2016-10-01,0.967206,2016,10,501.53822165331263
6327,150800,-70.10036,44.13339,2016-10-01,1.02664,2016,10,952.922621141294
6328,150801,-70.09999,44.13339,2016-10-01,0.9347525,2016,10,501.53822165331263
6329,150802,-70.09961,44.13339,2016-10-01,0.8365155,2016,10,501.53822165331263
6330,150803,-70.09924,44.13339,2016-10-01,0.8661565,2016,10,501.53822165331263
6331,150804,-70.09886,44.13339,2016-10-01,0.879149,2016,10,501.53822165331263
6332,150805,-70.09849,44.13339,2016-10-01,0.9321256,2016,10,501.53822165331263
6333,150806,-70.09811,44.13339,2016-10-01,0.9036185,2016,10,501.53822165331263
6334,150807,-70.09774,44.13339,2016-10-01,0.8775833,2016,10,501.53822165331263
6335,150808,-70.09736,44.13339,2016-10-01,0.77185,2016,10,501.53822165331263
6336,150809,-70.09699,44.13339,2016-10-01,0.6548272,2016,10,501.53822165331263
6337,150810,-70.09661,44.13339,2016-10-01,0.4729253,2016,10,501.53822165331263
6338,150811,-70.09624,44.13339,2016-10-01,0.4043164,2016,10,501.53822165331263
6339,150812,-70.09586,44.13339,2016-10-01,0.286118,2016,10,501.53822165331263
6340,150813,-70.09549,44.13339,2016-10-01,0.1338806,2016,10,501.53822165331263
6341,150814,-70.09511,44.13339,2016-10-01,-0.3927671,2016,10,501.53822165331263
6342,150815,-70.09474,44.13339,2016-10-01,-1.539218,2016,10,50.15382216533126
6343,150816,-70.09436,44.13339,2016-10-01,-2.908865,2016,10,10.030764433066253
6344,150817,-70.09399,44.13339,2016-10-01,-2.806779,2016,10,10.030764433066253
6345,150818,-70.10636,44.13312,2016-10-01,-0.6748261,2016,10,501.53822165331263
6346,150819,-70.10599,44.13312,2016-10-01,-0.572261,2016,10,501.53822165331263
6347,150820,-70.10561,44.13312,2016-10-01,-0.4424335,2016,10,501.53822165331263
6348,150821,-70.10524,44.13312,2016-10-01,0.01956067,2016,10,501.53822165331263
6349,150822,-70.10486,44.13312,2016-10-01,0.3932063,2016,10,501.53822165331263
6350,150823,-70.10449,44.13312,2016-10-01,0.5995577,2016,10,501.53822165331263
6351,150824,-70.10411,44.13312,2016-10-01,0.774309,2016,10,501.53822165331263
6352,150825,-70.10374,44.13312,2016-10-01,0.9251874,2016,10,501.53822165331263
6353,150826,-70.10336,44.13312,2016-10-01,0.9164285,2016,10,501.53822165331263
6354,150827,-70.10299,44.13312,2016-10-01,0.8979252,2016,10,501.53822165331263
6355,150828,-70.10261,44.13312,2016-10-01,0.8235483,2016,10,501.53822165331263
6356,150829,-70.10224,44.13312,2016-10-01,0.8159707,2016,10,501.53822165331263
6357,150830,-70.10186,44.13312,2016-10-01,0.8960524,2016,10,501.53822165331263
6358,150831,-70.10149,44.13312,2016-10-01,0.9024342,2016,10,501.53822165331263
6359,150832,-70.10111,44.13312,2016-10-01,0.9563869,2016,10,501.53822165331263
6360,150833,-70.10074,44.13312,2016-10-01,1.041629,2016,10,952.922621141294
6361,150834,-70.10036,44.13312,2016-10-01,1.069022,2016,10,952.922621141294
6362,150835,-70.09999,44.13312,2016-10-01,1.002056,2016,10,952.922621141294
6363,150836,-70.09961,44.13312,2016-10-01,0.9938778,2016,10,501.53822165331263
6364,150837,-70.09924,44.13312,2016-10-01,0.9702232,2016,10,501.53822165331263
6365,150838,-70.09886,44.13312,2016-10-01,1.034341,2016,10,952.922621141294
6366,150839,-70.09849,44.13312,2016-10-01,1.024621,2016,10,952.922621141294
6367,150840,-70.09811,44.13312,2016-10-01,1.004664,2016,10,952.922621141294
6368,150841,-70.09774,44.13312,2016-10-01,0.9612816,2016,10,501.53822165331263
6369,150842,-70.09736,44.13312,2016-10-01,0.9253305,2016,10,501.53822165331263
6370,150843,-70.09699,44.13312,2016-10-01,0.8286256,2016,10,501.53822165331263
6371,150844,-70.09661,44.13312,2016-10-01,0.7008313,2016,10,501.53822165331263
6372,150845,-70.09624,44.13312,2016-10-01,0.6051356,2016,10,501.53822165331263
6373,150846,-70.09586,44.13312,2016-10-01,0.5007597,2016,10,501.53822165331263
6374,150847,-70.09549,44.13312,2016-10-01,0.2962231,2016,10,501.53822165331263
6375,150848,-70.09511,44.13312,2016-10-01,-0.2324456,2016,10,501.53822165331263
6376,150849,-70.09474,44.13312,2016-10-01,-1.390244,2016,10,50.15382216533126
6377,150850,-70.09436,44.13312,2016-10-01,-2.866744,2016,10,10.030764433066253
6378,150851,-70.09399,44.13312,2016-10-01,-2.976964,2016,10,10.030764433066253
6379,150852,-70.10636,44.13285,2016-10-01,-0.8915574,2016,10,501.53822165331263
6380,150853,-70.10599,44.13285,2016-10-01,-0.8041104,2016,10,501.53822165331263
6381,150854,-70.10561,44.13285,2016-10-01,-0.7761683,2016,10,501.53822165331263
6382,150855,-70.10524,44.13285,2016-10-01,-0.3051769,2016,10,501.53822165331263
6383,150856,-70.10486,44.13285,2016-10-01,0.05757605,2016,10,501.53822165331263
6384,150857,-70.10449,44.13285,2016-10-01,0.3313979,2016,10,501.53822165331263
6385,150858,-70.10411,44.13285,2016-10-01,0.6103235,2016,10,501.53822165331263
6386,150859,-70.10374,44.13285,2016-10-01,0.9702103,2016,10,501.53822165331263
6387,150860,-70.10336,44.13285,2016-10-01,0.9680389,2016,10,501.53822165331263
6388,150861,-70.10299,44.13285,2016-10-01,1.068333,2016,10,952.922621141294
6389,150862,-70.10261,44.13285,2016-10-01,1.024912,2016,10,952.922621141294
6390,150863,-70.10224,44.13285,2016-10-01,1.146372,2016,10,952.922621141294
6391,150864,-70.10186,44.13285,2016-10-01,1.216308,2016,10,952.922621141294
6392,150865,-70.10149,44.13285,2016-10-01,1.252939,2016,10,952.922621141294
6393,150866,-70.10111,44.13285,2016-10-01,1.200778,2016,10,952.922621141294
6394,150867,-70.10074,44.13285,2016-10-01,1.173442,2016,10,952.922621141294
6395,150868,-70.10036,44.13285,2016-10-01,1.129936,2016,10,952.922621141294
6396,150869,-70.09999,44.13285,2016-10-01,1.053897,2016,10,952.922621141294
6397,150870,-70.09961,44.13285,2016-10-01,1.084483,2016,10,952.922621141294
6398,150871,-70.09924,44.13285,2016-10-01,1.068351,2016,10,952.922621141294
6399,150872,-70.09886,44.13285,2016-10-01,1.176957,2016,10,952.922621141294
6400,150873,-70.09849,44.13285,2016-10-01,1.153505,2016,10,952.922621141294
6401,150874,-70.09811,44.13285,2016-10-01,1.224592,2016,10,952.922621141294
6402,150875,-70.09774,44.13285,2016-10-01,1.136875,2016,10,952.922621141294
6403,150876,-70.09736,44.13285,2016-10-01,1.11258,2016,10,952.922621141294
6404,150877,-70.09699,44.13285,2016-10-01,1.051505,2016,10,952.922621141294
6405,150878,-70.09661,44.13285,2016-10-01,0.9127156,2016,10,501.53822165331263
6406,150879,-70.09624,44.13285,2016-10-01,0.8741939,2016,10,501.53822165331263
6407,150880,-70.09586,44.13285,2016-10-01,0.7590063,2016,10,501.53822165331263
6408,150881,-70.09549,44.13285,2016-10-01,0.5953116,2016,10,501.53822165331263
6409,150882,-70.09511,44.13285,2016-10-01,0.09732369,2016,10,501.53822165331263
6410,150883,-70.09474,44.13285,2016-10-01,-0.9766934,2016,10,501.53822165331263
6411,150884,-70.09436,44.13285,2016-10-01,-2.332309,2016,10,10.030764433066253
6412,150885,-70.09399,44.13285,2016-10-01,-2.75397,2016,10,10.030764433066253
6413,150886,-70.10636,44.13258,2016-10-01,-1.122284,2016,10,50.15382216533126
6414,150887,-70.10599,44.13258,2016-10-01,-1.012895,2016,10,50.15382216533126
6415,150888,-70.10561,44.13258,2016-10-01,-1.100903,2016,10,50.15382216533126
6416,150889,-70.10524,44.13258,2016-10-01,-0.5918872,2016,10,501.53822165331263
6417,150890,-70.10486,44.13258,2016-10-01,-0.2006018,2016,10,501.53822165331263
6418,150891,-70.10449,44.13258,2016-10-01,0.2176681,2016,10,501.53822165331263
6419,150892,-70.10411,44.13258,2016-10-01,0.6139879,2016,10,501.53822165331263
6420,150893,-70.10374,44.13258,2016-10-01,1.032307,2016,10,952.922621141294
6421,150894,-70.10336,44.13258,2016-10-01,1.14533,2016,10,952.922621141294
6422,150895,-70.10299,44.13258,2016-10-01,1.273977,2016,10,952.922621141294
6423,150896,-70.10261,44.13258,2016-10-01,1.242008,2016,10,952.922621141294
6424,150897,-70.10224,44.13258,2016-10-01,1.333209,2016,10,952.922621141294
6425,150898,-70.10186,44.13258,2016-10-01,1.37638,2016,10,952.922621141294
6426,150899,-70.10149,44.13258,2016-10-01,1.454935,2016,10,952.922621141294
6427,150900,-70.10111,44.13258,2016-10-01,1.395464,2016,10,952.922621141294
6428,150901,-70.10074,44.13258,2016-10-01,1.353896,2016,10,952.922621141294
6429,150902,-70.10036,44.13258,2016-10-01,1.252986,2016,10,952.922621141294
6430,150903,-70.09999,44.13258,2016-10-01,1.135851,2016,10,952.922621141294
6431,150904,-70.09961,44.13258,2016-10-01,1.145098,2016,10,952.922621141294
6432,150905,-70.09924,44.13258,2016-10-01,1.210086,2016,10,952.922621141294
6433,150906,-70.09886,44.13258,2016-10-01,1.313343,2016,10,952.922621141294
6434,150907,-70.09849,44.13258,2016-10-01,1.360111,2016,10,952.922621141294
6435,150908,-70.09811,44.13258,2016-10-01,1.370024,2016,10,952.922621141294
6436,150909,-70.09774,44.13258,2016-10-01,1.243348,2016,10,952.922621141294
6437,150910,-70.09736,44.13258,2016-10-01,1.188828,2016,10,952.922621141294
6438,150911,-70.09699,44.13258,2016-10-01,1.191069,2016,10,952.922621141294
6439,150912,-70.09661,44.13258,2016-10-01,1.118311,2016,10,952.922621141294
6440,150913,-70.09624,44.13258,2016-10-01,1.13889,2016,10,952.922621141294
6441,150914,-70.09586,44.13258,2016-10-01,0.9992044,2016,10,501.53822165331263
6442,150915,-70.09549,44.13258,2016-10-01,0.9359576,2016,10,501.53822165331263
6443,150916,-70.09511,44.13258,2016-10-01,0.5190804,2016,10,501.53822165331263
6444,150917,-70.09474,44.13258,2016-10-01,-0.3547624,2016,10,501.53822165331263
6445,150918,-70.09436,44.13258,2016-10-01,-1.587258,2016,10,50.15382216533126
6446,150919,-70.09399,44.13258,2016-10-01,-2.341316,2016,10,10.030764433066253
6447,150920,-70.09361,44.13258,2016-10-01,-2.622995,2016,10,10.030764433066253
6448,150921,-70.09324,44.13258,2016-10-01,-2.739119,2016,10,10.030764433066253
6449,150922,-70.09286,44.13258,2016-10-01,-2.23999,2016,10,10.030764433066253
6450,150923,-70.10636,44.13231,2016-10-01,-1.358311,2016,10,50.15382216533126
6451,150924,-70.10599,44.13231,2016-10-01,-1.266962,2016,10,50.15382216533126
6452,150925,-70.10561,44.13231,2016-10-01,-1.352478,2016,10,50.15382216533126
6453,150926,-70.10524,44.13231,2016-10-01,-0.6869345,2016,10,501.53822165331263
6454,150927,-70.10486,44.13231,2016-10-01,-0.2080344,2016,10,501.53822165331263
6455,150928,-70.10449,44.13231,2016-10-01,0.2022273,2016,10,501.53822165331263
6456,150929,-70.10411,44.13231,2016-10-01,0.6855472,2016,10,501.53822165331263
6457,150930,-70.10374,44.13231,2016-10-01,1.045772,2016,10,952.922621141294
6458,150931,-70.10336,44.13231,2016-10-01,1.277303,2016,10,952.922621141294
6459,150932,-70.10299,44.13231,2016-10-01,1.309616,2016,10,952.922621141294
6460,150933,-70.10261,44.13231,2016-10-01,1.426403,2016,10,952.922621141294
6461,150934,-70.10224,44.13231,2016-10-01,1.504434,2016,10,952.922621141294
6462,150935,-70.10186,44.13231,2016-10-01,1.60324,2016,10,952.922621141294
6463,150936,-70.10149,44.13231,2016-10-01,1.62739,2016,10,952.922621141294
6464,150937,-70.10111,44.13231,2016-10-01,1.537895,2016,10,952.922621141294
6465,150938,-70.10074,44.13231,2016-10-01,1.454659,2016,10,952.922621141294
6466,150939,-70.10036,44.13231,2016-10-01,1.319278,2016,10,952.922621141294
6467,150940,-70.09999,44.13231,2016-10-01,1.213217,2016,10,952.922621141294
6468,150941,-70.09961,44.13231,2016-10-01,1.227652,2016,10,952.922621141294
6469,150942,-70.09924,44.13231,2016-10-01,1.326836,2016,10,952.922621141294
6470,150943,-70.09886,44.13231,2016-10-01,1.43007,2016,10,952.922621141294
6471,150944,-70.09849,44.13231,2016-10-01,1.522672,2016,10,952.922621141294
6472,150945,-70.09811,44.13231,2016-10-01,1.437291,2016,10,952.922621141294
6473,150946,-70.09774,44.13231,2016-10-01,1.296417,2016,10,952.922621141294
6474,150947,-70.09736,44.13231,2016-10-01,1.176717,2016,10,952.922621141294
6475,150948,-70.09699,44.13231,2016-10-01,1.229398,2016,10,952.922621141294
6476,150949,-70.09661,44.13231,2016-10-01,1.226895,2016,10,952.922621141294
6477,150950,-70.09624,44.13231,2016-10-01,1.282517,2016,10,952.922621141294
6478,150951,-70.09586,44.13231,2016-10-01,1.205973,2016,10,952.922621141294
6479,150952,-70.09549,44.13231,2016-10-01,1.201671,2016,10,952.922621141294
6480,150953,-70.09511,44.13231,2016-10-01,0.8147427,2016,10,501.53822165331263
6481,150954,-70.09474,44.13231,2016-10-01,0.2161073,2016,10,501.53822165331263
6482,150955,-70.09436,44.13231,2016-10-01,-0.8122189,2016,10,501.53822165331263
6483,150956,-70.09399,44.13231,2016-10-01,-1.71962,2016,10,50.15382216533126
6484,150957,-70.09361,44.13231,2016-10-01,-2.379008,2016,10,10.030764433066253
6485,150958,-70.09324,44.13231,2016-10-01,-2.854602,2016,10,10.030764433066253
6486,150959,-70.09286,44.13231,2016-10-01,-2.374346,2016,10,10.030764433066253
6487,150960,-70.10636,44.13204,2016-10-01,-1.48449,2016,10,50.15382216533126
6488,150961,-70.10599,44.13204,2016-10-01,-1.467108,2016,10,50.15382216533126
6489,150962,-70.10561,44.13204,2016-10-01,-1.527628,2016,10,50.15382216533126
6490,150963,-70.10524,44.13204,2016-10-01,-0.7619089,2016,10,501.53822165331263
6491,150964,-70.10486,44.13204,2016-10-01,-0.1537804,2016,10,501.53822165331263
6492,150965,-70.10449,44.13204,2016-10-01,0.3408577,2016,10,501.53822165331263
6493,150966,-70.10411,44.13204,2016-10-01,0.9062878,2016,10,501.53822165331263
6494,150967,-70.10374,44.13204,2016-10-01,1.206787,2016,10,952.922621141294
6495,150968,-70.10336,44.13204,2016-10-01,1.450406,2016,10,952.922621141294
6496,150969,-70.10299,44.13204,2016-10-01,1.382529,2016,10,952.922621141294
6497,150970,-70.10261,44.13204,2016-10-01,1.484117,2016,10,952.922621141294
6498,150971,-70.10224,44.13204,2016-10-01,1.455229,2016,10,952.922621141294
6499,150972,-70.10186,44.13204,2016-10-01,1.512701,2016,10,952.922621141294
6500,150973,-70.10149,44.13204,2016-10-01,1.574967,2016,10,952.922621141294
6501,150974,-70.10111,44.13204,2016-10-01,1.603661,2016,10,952.922621141294
6502,150975,-70.10074,44.13204,2016-10-01,1.545429,2016,10,952.922621141294
6503,150976,-70.10036,44.13204,2016-10-01,1.38522,2016,10,952.922621141294
6504,150977,-70.09999,44.13204,2016-10-01,1.29499,2016,10,952.922621141294
6505,150978,-70.09961,44.13204,2016-10-01,1.284225,2016,10,952.922621141294
6506,150979,-70.09924,44.13204,2016-10-01,1.390442,2016,10,952.922621141294
6507,150980,-70.09886,44.13204,2016-10-01,1.504674,2016,10,952.922621141294
6508,150981,-70.09849,44.13204,2016-10-01,1.502509,2016,10,952.922621141294
6509,150982,-70.09811,44.13204,2016-10-01,1.419409,2016,10,952.922621141294
6510,150983,-70.09774,44.13204,2016-10-01,1.261564,2016,10,952.922621141294
6511,150984,-70.09736,44.13204,2016-10-01,1.13297,2016,10,952.922621141294
6512,150985,-70.09699,44.13204,2016-10-01,1.211847,2016,10,952.922621141294
6513,150986,-70.09661,44.13204,2016-10-01,1.267497,2016,10,952.922621141294
6514,150987,-70.09624,44.13204,2016-10-01,1.387995,2016,10,952.922621141294
6515,150988,-70.09586,44.13204,2016-10-01,1.379135,2016,10,952.922621141294
6516,150989,-70.09549,44.13204,2016-10-01,1.445736,2016,10,952.922621141294
6517,150990,-70.09511,44.13204,2016-10-01,1.109571,2016,10,952.922621141294
6518,150991,-70.09474,44.13204,2016-10-01,0.6440017,2016,10,501.53822165331263
6519,150992,-70.09436,44.13204,2016-10-01,-0.2496127,2016,10,501.53822165331263
6520,150993,-70.09399,44.13204,2016-10-01,-1.050584,2016,10,50.15382216533126
6521,150994,-70.09361,44.13204,2016-10-01,-1.879272,2016,10,50.15382216533126
6522,150995,-70.09324,44.13204,2016-10-01,-2.664415,2016,10,10.030764433066253
6523,150996,-70.09286,44.13204,2016-10-01,-2.50869,2016,10,10.030764433066253
6524,150997,-70.10599,44.13177,2016-10-01,-1.502751,2016,10,50.15382216533126
6525,150998,-70.10561,44.13177,2016-10-01,-1.470363,2016,10,50.15382216533126
6526,150999,-70.10524,44.13177,2016-10-01,-0.6118985,2016,10,501.53822165331263
6527,151000,-70.10486,44.13177,2016-10-01,0.03187189,2016,10,501.53822165331263
6528,151001,-70.10449,44.13177,2016-10-01,0.5834043,2016,10,501.53822165331263
6529,151002,-70.10411,44.13177,2016-10-01,0.9734686,2016,10,501.53822165331263
6530,151003,-70.10374,44.13177,2016-10-01,1.208153,2016,10,952.922621141294
6531,151004,-70.10336,44.13177,2016-10-01,1.482141,2016,10,952.922621141294
6532,151005,-70.10299,44.13177,2016-10-01,1.356177,2016,10,952.922621141294
6533,151006,-70.10261,44.13177,2016-10-01,1.46816,2016,10,952.922621141294
6534,151007,-70.10224,44.13177,2016-10-01,1.45635,2016,10,952.922621141294
6535,151008,-70.10186,44.13177,2016-10-01,1.541891,2016,10,952.922621141294
6536,151009,-70.10149,44.13177,2016-10-01,1.656683,2016,10,952.922621141294
6537,151010,-70.10111,44.13177,2016-10-01,1.672871,2016,10,952.922621141294
6538,151011,-70.10074,44.13177,2016-10-01,1.648048,2016,10,952.922621141294
6539,151012,-70.10036,44.13177,2016-10-01,1.485305,2016,10,952.922621141294
6540,151013,-70.09999,44.13177,2016-10-01,1.436945,2016,10,952.922621141294
6541,151014,-70.09961,44.13177,2016-10-01,1.380483,2016,10,952.922621141294
6542,151015,-70.09924,44.13177,2016-10-01,1.453933,2016,10,952.922621141294
6543,151016,-70.09886,44.13177,2016-10-01,1.550448,2016,10,952.922621141294
6544,151017,-70.09849,44.13177,2016-10-01,1.474603,2016,10,952.922621141294
6545,151018,-70.09811,44.13177,2016-10-01,1.391034,2016,10,952.922621141294
6546,151019,-70.09774,44.13177,2016-10-01,1.180248,2016,10,952.922621141294
6547,151020,-70.09736,44.13177,2016-10-01,1.091047,2016,10,952.922621141294
6548,151021,-70.09699,44.13177,2016-10-01,1.200048,2016,10,952.922621141294
6549,151022,-70.09661,44.13177,2016-10-01,1.324041,2016,10,952.922621141294
6550,151023,-70.09624,44.13177,2016-10-01,1.501424,2016,10,952.922621141294
6551,151024,-70.09586,44.13177,2016-10-01,1.578676,2016,10,952.922621141294
6552,151025,-70.09549,44.13177,2016-10-01,1.642866,2016,10,952.922621141294
6553,151026,-70.09511,44.13177,2016-10-01,1.36106,2016,10,952.922621141294
6554,151027,-70.09474,44.13177,2016-10-01,0.8909262,2016,10,501.53822165331263
6555,151028,-70.09436,44.13177,2016-10-01,0.1396893,2016,10,501.53822165331263
6556,151029,-70.09399,44.13177,2016-10-01,-0.5765512,2016,10,501.53822165331263
6557,151030,-70.09361,44.13177,2016-10-01,-1.292943,2016,10,50.15382216533126
6558,151031,-70.09324,44.13177,2016-10-01,-2.06934,2016,10,10.030764433066253
6559,151032,-70.09286,44.13177,2016-10-01,-2.379575,2016,10,10.030764433066253
6560,151033,-70.09249,44.13177,2016-10-01,-3.297472,2016,10,10.030764433066253
6561,151034,-70.09211,44.13177,2016-10-01,-2.727178,2016,10,10.030764433066253
6562,151035,-70.10599,44.1315,2016-10-01,-1.474538,2016,10,50.15382216533126
6563,151036,-70.10561,44.1315,2016-10-01,-1.480737,2016,10,50.15382216533126
6564,151037,-70.10524,44.1315,2016-10-01,-0.6198228,2016,10,501.53822165331263
6565,151038,-70.10486,44.1315,2016-10-01,-0.008130522,2016,10,501.53822165331263
6566,151039,-70.10449,44.1315,2016-10-01,0.5172335,2016,10,501.53822165331263
6567,151040,-70.10411,44.1315,2016-10-01,0.8843579,2016,10,501.53822165331263
6568,151041,-70.10374,44.1315,2016-10-01,1.138226,2016,10,952.922621141294
6569,151042,-70.10336,44.1315,2016-10-01,1.453694,2016,10,952.922621141294
6570,151043,-70.10299,44.1315,2016-10-01,1.385189,2016,10,952.922621141294
6571,151044,-70.10261,44.1315,2016-10-01,1.563503,2016,10,952.922621141294
6572,151045,-70.10224,44.1315,2016-10-01,1.490623,2016,10,952.922621141294
6573,151046,-70.10186,44.1315,2016-10-01,1.584321,2016,10,952.922621141294
6574,151047,-70.10149,44.1315,2016-10-01,1.64942,2016,10,952.922621141294
6575,151048,-70.10111,44.1315,2016-10-01,1.708286,2016,10,952.922621141294
6576,151049,-70.10074,44.1315,2016-10-01,1.702941,2016,10,952.922621141294
6577,151050,-70.10036,44.1315,2016-10-01,1.537747,2016,10,952.922621141294
6578,151051,-70.09999,44.1315,2016-10-01,1.526065,2016,10,952.922621141294
6579,151052,-70.09961,44.1315,2016-10-01,1.479862,2016,10,952.922621141294
6580,151053,-70.09924,44.1315,2016-10-01,1.567943,2016,10,952.922621141294
6581,151054,-70.09886,44.1315,2016-10-01,1.613337,2016,10,952.922621141294
6582,151055,-70.09849,44.1315,2016-10-01,1.484139,2016,10,952.922621141294
6583,151056,-70.09811,44.1315,2016-10-01,1.373319,2016,10,952.922621141294
6584,151057,-70.09774,44.1315,2016-10-01,1.159236,2016,10,952.922621141294
6585,151058,-70.09736,44.1315,2016-10-01,1.113134,2016,10,952.922621141294
6586,151059,-70.09699,44.1315,2016-10-01,1.19831,2016,10,952.922621141294
6587,151060,-70.09661,44.1315,2016-10-01,1.362804,2016,10,952.922621141294
6588,151061,-70.09624,44.1315,2016-10-01,1.551356,2016,10,952.922621141294
6589,151062,-70.09586,44.1315,2016-10-01,1.725747,2016,10,952.922621141294
6590,151063,-70.09549,44.1315,2016-10-01,1.770038,2016,10,952.922621141294
6591,151064,-70.09511,44.1315,2016-10-01,1.523214,2016,10,952.922621141294
6592,151065,-70.09474,44.1315,2016-10-01,1.0376,2016,10,952.922621141294
6593,151066,-70.09436,44.1315,2016-10-01,0.4526383,2016,10,501.53822165331263
6594,151067,-70.09399,44.1315,2016-10-01,-0.2187542,2016,10,501.53822165331263
6595,151068,-70.09361,44.1315,2016-10-01,-0.7903001,2016,10,501.53822165331263
6596,151069,-70.09324,44.1315,2016-10-01,-1.449953,2016,10,50.15382216533126
6597,151070,-70.09286,44.1315,2016-10-01,-2.063796,2016,10,10.030764433066253
6598,151071,-70.09249,44.1315,2016-10-01,-3.399829,2016,10,10.030764433066253
6599,151072,-70.09211,44.1315,2016-10-01,-3.289523,2016,10,10.030764433066253
6600,151073,-70.09174,44.1315,2016-10-01,-3.24263,2016,10,10.030764433066253
6601,151074,-70.10599,44.13123,2016-10-01,-1.412381,2016,10,50.15382216533126
6602,151075,-70.10561,44.13123,2016-10-01,-1.426404,2016,10,50.15382216533126
6603,151076,-70.10524,44.13123,2016-10-01,-0.5938193,2016,10,501.53822165331263
6604,151077,-70.10486,44.13123,2016-10-01,-0.04645473,2016,10,501.53822165331263
6605,151078,-70.10449,44.13123,2016-10-01,0.3768274,2016,10,501.53822165331263
6606,151079,-70.10411,44.13123,2016-10-01,0.6506116,2016,10,501.53822165331263
6607,151080,-70.10374,44.13123,2016-10-01,0.9778489,2016,10,501.53822165331263
6608,151081,-70.10336,44.13123,2016-10-01,1.314935,2016,10,952.922621141294
6609,151082,-70.10299,44.13123,2016-10-01,1.438314,2016,10,952.922621141294
6610,151083,-70.10261,44.13123,2016-10-01,1.585105,2016,10,952.922621141294
6611,151084,-70.10224,44.13123,2016-10-01,1.509562,2016,10,952.922621141294
6612,151085,-70.10186,44.13123,2016-10-01,1.674004,2016,10,952.922621141294
6613,151086,-70.10149,44.13123,2016-10-01,1.667424,2016,10,952.922621141294
6614,151087,-70.10111,44.13123,2016-10-01,1.784794,2016,10,952.922621141294
6615,151088,-70.10074,44.13123,2016-10-01,1.771561,2016,10,952.922621141294
6616,151089,-70.10036,44.13123,2016-10-01,1.678781,2016,10,952.922621141294
6617,151090,-70.09999,44.13123,2016-10-01,1.71326,2016,10,952.922621141294
6618,151091,-70.09961,44.13123,2016-10-01,1.654067,2016,10,952.922621141294
6619,151092,-70.09924,44.13123,2016-10-01,1.692063,2016,10,952.922621141294
6620,151093,-70.09886,44.13123,2016-10-01,1.599718,2016,10,952.922621141294
6621,151094,-70.09849,44.13123,2016-10-01,1.478623,2016,10,952.922621141294
6622,151095,-70.09811,44.13123,2016-10-01,1.309748,2016,10,952.922621141294
6623,151096,-70.09774,44.13123,2016-10-01,1.118148,2016,10,952.922621141294
6624,151097,-70.09736,44.13123,2016-10-01,1.104086,2016,10,952.922621141294
6625,151098,-70.09699,44.13123,2016-10-01,1.168777,2016,10,952.922621141294
6626,151099,-70.09661,44.13123,2016-10-01,1.358659,2016,10,952.922621141294
6627,151100,-70.09624,44.13123,2016-10-01,1.558856,2016,10,952.922621141294
6628,151101,-70.09586,44.13123,2016-10-01,1.767879,2016,10,952.922621141294
6629,151102,-70.09549,44.13123,2016-10-01,1.799203,2016,10,952.922621141294
6630,151103,-70.09511,44.13123,2016-10-01,1.660957,2016,10,952.922621141294
6631,151104,-70.09474,44.13123,2016-10-01,1.21501,2016,10,952.922621141294
6632,151105,-70.09436,44.13123,2016-10-01,0.7175799,2016,10,501.53822165331263
6633,151106,-70.09399,44.13123,2016-10-01,0.1941453,2016,10,501.53822165331263
6634,151107,-70.09361,44.13123,2016-10-01,-0.266636,2016,10,501.53822165331263
6635,151108,-70.09324,44.13123,2016-10-01,-0.8025668,2016,10,501.53822165331263
6636,151109,-70.09286,44.13123,2016-10-01,-1.479956,2016,10,50.15382216533126
6637,151110,-70.09249,44.13123,2016-10-01,-2.999852,2016,10,10.030764433066253
6638,151111,-70.09211,44.13123,2016-10-01,-3.618614,2016,10,10.030764433066253
6639,151112,-70.09174,44.13123,2016-10-01,-4.62621,2016,10,10.030764433066253
6640,151113,-70.09136,44.13123,2016-10-01,-4.360596,2016,10,10.030764433066253
6641,151114,-70.10599,44.13096,2016-10-01,-1.358954,2016,10,50.15382216533126
6642,151115,-70.10561,44.13096,2016-10-01,-1.429163,2016,10,50.15382216533126
6643,151116,-70.10524,44.13096,2016-10-01,-0.7241812,2016,10,501.53822165331263
6644,151117,-70.10486,44.13096,2016-10-01,-0.2788298,2016,10,501.53822165331263
6645,151118,-70.10449,44.13096,2016-10-01,0.1171483,2016,10,501.53822165331263
6646,151119,-70.10411,44.13096,2016-10-01,0.4077691,2016,10,501.53822165331263
6647,151120,-70.10374,44.13096,2016-10-01,0.9366193,2016,10,501.53822165331263
6648,151121,-70.10336,44.13096,2016-10-01,1.28726,2016,10,952.922621141294
6649,151122,-70.10299,44.13096,2016-10-01,1.612977,2016,10,952.922621141294
6650,151123,-70.10261,44.13096,2016-10-01,1.699808,2016,10,952.922621141294
6651,151124,-70.10224,44.13096,2016-10-01,1.589579,2016,10,952.922621141294
6652,151125,-70.10186,44.13096,2016-10-01,1.675564,2016,10,952.922621141294
6653,151126,-70.10149,44.13096,2016-10-01,1.603169,2016,10,952.922621141294
6654,151127,-70.10111,44.13096,2016-10-01,1.813494,2016,10,952.922621141294
6655,151128,-70.10074,44.13096,2016-10-01,1.753594,2016,10,952.922621141294
6656,151129,-70.10036,44.13096,2016-10-01,1.719137,2016,10,952.922621141294
6657,151130,-70.09999,44.13096,2016-10-01,1.765053,2016,10,952.922621141294
6658,151131,-70.09961,44.13096,2016-10-01,1.655697,2016,10,952.922621141294
6659,151132,-70.09924,44.13096,2016-10-01,1.758228,2016,10,952.922621141294
6660,151133,-70.09886,44.13096,2016-10-01,1.574486,2016,10,952.922621141294
6661,151134,-70.09849,44.13096,2016-10-01,1.481549,2016,10,952.922621141294
6662,151135,-70.09811,44.13096,2016-10-01,1.248496,2016,10,952.922621141294
6663,151136,-70.09774,44.13096,2016-10-01,1.067996,2016,10,952.922621141294
6664,151137,-70.09736,44.13096,2016-10-01,1.009444,2016,10,952.922621141294
6665,151138,-70.09699,44.13096,2016-10-01,1.09152,2016,10,952.922621141294
6666,151139,-70.09661,44.13096,2016-10-01,1.26413,2016,10,952.922621141294
6667,151140,-70.09624,44.13096,2016-10-01,1.474663,2016,10,952.922621141294
6668,151141,-70.09586,44.13096,2016-10-01,1.730462,2016,10,952.922621141294
6669,151142,-70.09549,44.13096,2016-10-01,1.753421,2016,10,952.922621141294
6670,151143,-70.09511,44.13096,2016-10-01,1.758837,2016,10,952.922621141294
6671,151144,-70.09474,44.13096,2016-10-01,1.393688,2016,10,952.922621141294
6672,151145,-70.09436,44.13096,2016-10-01,1.00556,2016,10,952.922621141294
6673,151146,-70.09399,44.13096,2016-10-01,0.6748106,2016,10,501.53822165331263
6674,151147,-70.09361,44.13096,2016-10-01,0.2238499,2016,10,501.53822165331263
6675,151148,-70.09324,44.13096,2016-10-01,-0.1654514,2016,10,501.53822165331263
6676,151149,-70.09286,44.13096,2016-10-01,-0.7770588,2016,10,501.53822165331263
6677,151150,-70.09249,44.13096,2016-10-01,-2.029071,2016,10,10.030764433066253
6678,151151,-70.09211,44.13096,2016-10-01,-3.322182,2016,10,10.030764433066253
6679,151152,-70.09174,44.13096,2016-10-01,-4.704372,2016,10,10.030764433066253
6680,151153,-70.09136,44.13096,2016-10-01,-4.956909,2016,10,10.030764433066253
6681,151154,-70.09099,44.13096,2016-10-01,-4.575933,2016,10,10.030764433066253
6682,151155,-70.10599,44.13069,2016-10-01,-1.294871,2016,10,50.15382216533126
6683,151156,-70.10561,44.13069,2016-10-01,-1.390152,2016,10,50.15382216533126
6684,151157,-70.10524,44.13069,2016-10-01,-0.7396567,2016,10,501.53822165331263
6685,151158,-70.10486,44.13069,2016-10-01,-0.3519518,2016,10,501.53822165331263
6686,151159,-70.10449,44.13069,2016-10-01,-0.09903123,2016,10,501.53822165331263
6687,151160,-70.10411,44.13069,2016-10-01,0.181598,2016,10,501.53822165331263
6688,151161,-70.10374,44.13069,2016-10-01,0.7978591,2016,10,501.53822165331263
6689,151162,-70.10336,44.13069,2016-10-01,1.249435,2016,10,952.922621141294
6690,151163,-70.10299,44.13069,2016-10-01,1.677311,2016,10,952.922621141294
6691,151164,-70.10261,44.13069,2016-10-01,1.781377,2016,10,952.922621141294
6692,151165,-70.10224,44.13069,2016-10-01,1.679026,2016,10,952.922621141294
6693,151166,-70.10186,44.13069,2016-10-01,1.697412,2016,10,952.922621141294
6694,151167,-70.10149,44.13069,2016-10-01,1.606658,2016,10,952.922621141294
6695,151168,-70.10111,44.13069,2016-10-01,1.777717,2016,10,952.922621141294
6696,151169,-70.10074,44.13069,2016-10-01,1.736376,2016,10,952.922621141294
6697,151170,-70.10036,44.13069,2016-10-01,1.720123,2016,10,952.922621141294
6698,151171,-70.09999,44.13069,2016-10-01,1.711958,2016,10,952.922621141294
6699,151172,-70.09961,44.13069,2016-10-01,1.587075,2016,10,952.922621141294
6700,151173,-70.09924,44.13069,2016-10-01,1.681223,2016,10,952.922621141294
6701,151174,-70.09886,44.13069,2016-10-01,1.483029,2016,10,952.922621141294
6702,151175,-70.09849,44.13069,2016-10-01,1.385295,2016,10,952.922621141294
6703,151176,-70.09811,44.13069,2016-10-01,1.165034,2016,10,952.922621141294
6704,151177,-70.09774,44.13069,2016-10-01,0.9875152,2016,10,501.53822165331263
6705,151178,-70.09736,44.13069,2016-10-01,0.868321,2016,10,501.53822165331263
6706,151179,-70.09699,44.13069,2016-10-01,1.006676,2016,10,952.922621141294
6707,151180,-70.09661,44.13069,2016-10-01,1.140862,2016,10,952.922621141294
6708,151181,-70.09624,44.13069,2016-10-01,1.362533,2016,10,952.922621141294
6709,151182,-70.09586,44.13069,2016-10-01,1.645769,2016,10,952.922621141294
6710,151183,-70.09549,44.13069,2016-10-01,1.671515,2016,10,952.922621141294
6711,151184,-70.09511,44.13069,2016-10-01,1.789471,2016,10,952.922621141294
6712,151185,-70.09474,44.13069,2016-10-01,1.60463,2016,10,952.922621141294
6713,151186,-70.09436,44.13069,2016-10-01,1.373177,2016,10,952.922621141294
6714,151187,-70.09399,44.13069,2016-10-01,1.131163,2016,10,952.922621141294
6715,151188,-70.09361,44.13069,2016-10-01,0.7138329,2016,10,501.53822165331263
6716,151189,-70.09324,44.13069,2016-10-01,0.3720171,2016,10,501.53822165331263
6717,151190,-70.09286,44.13069,2016-10-01,-0.2192154,2016,10,501.53822165331263
6718,151191,-70.09249,44.13069,2016-10-01,-1.139096,2016,10,50.15382216533126
6719,151192,-70.09211,44.13069,2016-10-01,-2.596938,2016,10,10.030764433066253
6720,151193,-70.09174,44.13069,2016-10-01,-4.192844,2016,10,10.030764433066253
6721,151194,-70.09136,44.13069,2016-10-01,-5.252243,2016,10,10.030764433066253
6722,151195,-70.09099,44.13069,2016-10-01,-4.615186,2016,10,10.030764433066253
6723,151196,-70.09061,44.13069,2016-10-01,-4.565027,2016,10,10.030764433066253
6724,151197,-70.10599,44.13042,2016-10-01,-1.162349,2016,10,50.15382216533126
6725,151198,-70.10561,44.13042,2016-10-01,-1.238132,2016,10,50.15382216533126
6726,151199,-70.10524,44.13042,2016-10-01,-0.7871974,2016,10,501.53822165331263
6727,151200,-70.10486,44.13042,2016-10-01,-0.4489558,2016,10,501.53822165331263
6728,151201,-70.10449,44.13042,2016-10-01,-0.2008058,2016,10,501.53822165331263
6729,151202,-70.10411,44.13042,2016-10-01,0.1657985,2016,10,501.53822165331263
6730,151203,-70.10374,44.13042,2016-10-01,0.7625985,2016,10,501.53822165331263
6731,151204,-70.10336,44.13042,2016-10-01,1.362293,2016,10,952.922621141294
6732,151205,-70.10299,44.13042,2016-10-01,1.808338,2016,10,952.922621141294
6733,151206,-70.10261,44.13042,2016-10-01,1.902214,2016,10,952.922621141294
6734,151207,-70.10224,44.13042,2016-10-01,1.74873,2016,10,952.922621141294
6735,151208,-70.10186,44.13042,2016-10-01,1.660931,2016,10,952.922621141294
6736,151209,-70.10149,44.13042,2016-10-01,1.639271,2016,10,952.922621141294
6737,151210,-70.10111,44.13042,2016-10-01,1.770425,2016,10,952.922621141294
6738,151211,-70.10074,44.13042,2016-10-01,1.77307,2016,10,952.922621141294
6739,151212,-70.10036,44.13042,2016-10-01,1.696098,2016,10,952.922621141294
6740,151213,-70.09999,44.13042,2016-10-01,1.6269,2016,10,952.922621141294
6741,151214,-70.09961,44.13042,2016-10-01,1.508817,2016,10,952.922621141294
6742,151215,-70.09924,44.13042,2016-10-01,1.556317,2016,10,952.922621141294
6743,151216,-70.09886,44.13042,2016-10-01,1.469371,2016,10,952.922621141294
6744,151217,-70.09849,44.13042,2016-10-01,1.38337,2016,10,952.922621141294
6745,151218,-70.09811,44.13042,2016-10-01,1.168914,2016,10,952.922621141294
6746,151219,-70.09774,44.13042,2016-10-01,1.010231,2016,10,952.922621141294
6747,151220,-70.09736,44.13042,2016-10-01,0.8147011,2016,10,501.53822165331263
6748,151221,-70.09699,44.13042,2016-10-01,0.908181,2016,10,501.53822165331263
6749,151222,-70.09661,44.13042,2016-10-01,0.9812441,2016,10,501.53822165331263
6750,151223,-70.09624,44.13042,2016-10-01,1.260659,2016,10,952.922621141294
6751,151224,-70.09586,44.13042,2016-10-01,1.582039,2016,10,952.922621141294
6752,151225,-70.09549,44.13042,2016-10-01,1.669199,2016,10,952.922621141294
6753,151226,-70.09511,44.13042,2016-10-01,1.857633,2016,10,952.922621141294
6754,151227,-70.09474,44.13042,2016-10-01,1.802184,2016,10,952.922621141294
6755,151228,-70.09436,44.13042,2016-10-01,1.706526,2016,10,952.922621141294
6756,151229,-70.09399,44.13042,2016-10-01,1.49011,2016,10,952.922621141294
6757,151230,-70.09361,44.13042,2016-10-01,1.094112,2016,10,952.922621141294
6758,151231,-70.09324,44.13042,2016-10-01,0.7177641,2016,10,501.53822165331263
6759,151232,-70.09286,44.13042,2016-10-01,0.1621386,2016,10,501.53822165331263
6760,151233,-70.09249,44.13042,2016-10-01,-0.5669095,2016,10,501.53822165331263
6761,151234,-70.09211,44.13042,2016-10-01,-1.794165,2016,10,50.15382216533126
6762,151235,-70.09174,44.13042,2016-10-01,-3.24863,2016,10,10.030764433066253
6763,151236,-70.09136,44.13042,2016-10-01,-4.744635,2016,10,10.030764433066253
6764,151237,-70.09099,44.13042,2016-10-01,-4.300132,2016,10,10.030764433066253
6765,151238,-70.09061,44.13042,2016-10-01,-4.294288,2016,10,10.030764433066253
6766,151239,-70.10599,44.13015,2016-10-01,-1.26214,2016,10,50.15382216533126
6767,151240,-70.10561,44.13015,2016-10-01,-1.255857,2016,10,50.15382216533126
6768,151241,-70.10524,44.13015,2016-10-01,-0.815268,2016,10,501.53822165331263
6769,151242,-70.10486,44.13015,2016-10-01,-0.4592245,2016,10,501.53822165331263
6770,151243,-70.10449,44.13015,2016-10-01,-0.2514605,2016,10,501.53822165331263
6771,151244,-70.10411,44.13015,2016-10-01,0.0755733,2016,10,501.53822165331263
6772,151245,-70.10374,44.13015,2016-10-01,0.5875621,2016,10,501.53822165331263
6773,151246,-70.10336,44.13015,2016-10-01,1.254659,2016,10,952.922621141294
6774,151247,-70.10299,44.13015,2016-10-01,1.780017,2016,10,952.922621141294
6775,151248,-70.10261,44.13015,2016-10-01,2.035994,2016,10,993.045678873559
6776,151249,-70.10224,44.13015,2016-10-01,1.913762,2016,10,952.922621141294
6777,151250,-70.10186,44.13015,2016-10-01,1.773426,2016,10,952.922621141294
6778,151251,-70.10149,44.13015,2016-10-01,1.69528,2016,10,952.922621141294
6779,151252,-70.10111,44.13015,2016-10-01,1.707225,2016,10,952.922621141294
6780,151253,-70.10074,44.13015,2016-10-01,1.672236,2016,10,952.922621141294
6781,151254,-70.10036,44.13015,2016-10-01,1.571993,2016,10,952.922621141294
6782,151255,-70.09999,44.13015,2016-10-01,1.52813,2016,10,952.922621141294
6783,151256,-70.09961,44.13015,2016-10-01,1.395793,2016,10,952.922621141294
6784,151257,-70.09924,44.13015,2016-10-01,1.444735,2016,10,952.922621141294
6785,151258,-70.09886,44.13015,2016-10-01,1.428963,2016,10,952.922621141294
6786,151259,-70.09849,44.13015,2016-10-01,1.404656,2016,10,952.922621141294
6787,151260,-70.09811,44.13015,2016-10-01,1.262835,2016,10,952.922621141294
6788,151261,-70.09774,44.13015,2016-10-01,1.115969,2016,10,952.922621141294
6789,151262,-70.09736,44.13015,2016-10-01,0.8569027,2016,10,501.53822165331263
6790,151263,-70.09699,44.13015,2016-10-01,0.854854,2016,10,501.53822165331263
6791,151264,-70.09661,44.13015,2016-10-01,0.8444367,2016,10,501.53822165331263
6792,151265,-70.09624,44.13015,2016-10-01,1.090741,2016,10,952.922621141294
6793,151266,-70.09586,44.13015,2016-10-01,1.398161,2016,10,952.922621141294
6794,151267,-70.09549,44.13015,2016-10-01,1.532322,2016,10,952.922621141294
6795,151268,-70.09511,44.13015,2016-10-01,1.818686,2016,10,952.922621141294
6796,151269,-70.09474,44.13015,2016-10-01,1.843086,2016,10,952.922621141294
6797,151270,-70.09436,44.13015,2016-10-01,1.929208,2016,10,952.922621141294
6798,151271,-70.09399,44.13015,2016-10-01,1.7793,2016,10,952.922621141294
6799,151272,-70.09361,44.13015,2016-10-01,1.346061,2016,10,952.922621141294
6800,151273,-70.09324,44.13015,2016-10-01,0.9820851,2016,10,501.53822165331263
6801,151274,-70.09286,44.13015,2016-10-01,0.3797133,2016,10,501.53822165331263
6802,151275,-70.09249,44.13015,2016-10-01,-0.2544567,2016,10,501.53822165331263
6803,151276,-70.09211,44.13015,2016-10-01,-1.321242,2016,10,50.15382216533126
6804,151277,-70.09174,44.13015,2016-10-01,-2.542746,2016,10,10.030764433066253
6805,151278,-70.09136,44.13015,2016-10-01,-4.01884,2016,10,10.030764433066253
6806,151279,-70.09099,44.13015,2016-10-01,-3.904077,2016,10,10.030764433066253
6807,151280,-70.09061,44.13015,2016-10-01,-3.897307,2016,10,10.030764433066253
6808,151281,-70.10599,44.12988,2016-10-01,-1.282007,2016,10,50.15382216533126
6809,151282,-70.10561,44.12988,2016-10-01,-1.317341,2016,10,50.15382216533126
6810,151283,-70.10524,44.12988,2016-10-01,-0.8599382,2016,10,501.53822165331263
6811,151284,-70.10486,44.12988,2016-10-01,-0.4518662,2016,10,501.53822165331263
6812,151285,-70.10449,44.12988,2016-10-01,-0.1967703,2016,10,501.53822165331263
6813,151286,-70.10411,44.12988,2016-10-01,0.07621435,2016,10,501.53822165331263
6814,151287,-70.10374,44.12988,2016-10-01,0.5506498,2016,10,501.53822165331263
6815,151288,-70.10336,44.12988,2016-10-01,1.207329,2016,10,952.922621141294
6816,151289,-70.10299,44.12988,2016-10-01,1.688049,2016,10,952.922621141294
6817,151290,-70.10261,44.12988,2016-10-01,2.035985,2016,10,993.045678873559
6818,151291,-70.10224,44.12988,2016-10-01,2.012915,2016,10,993.045678873559
6819,151292,-70.10186,44.12988,2016-10-01,1.923395,2016,10,952.922621141294
6820,151293,-70.10149,44.12988,2016-10-01,1.805018,2016,10,952.922621141294
6821,151294,-70.10111,44.12988,2016-10-01,1.719598,2016,10,952.922621141294
6822,151295,-70.10074,44.12988,2016-10-01,1.710156,2016,10,952.922621141294
6823,151296,-70.10036,44.12988,2016-10-01,1.579115,2016,10,952.922621141294
6824,151297,-70.09999,44.12988,2016-10-01,1.552419,2016,10,952.922621141294
6825,151298,-70.09961,44.12988,2016-10-01,1.431609,2016,10,952.922621141294
6826,151299,-70.09924,44.12988,2016-10-01,1.411804,2016,10,952.922621141294
6827,151300,-70.09886,44.12988,2016-10-01,1.357564,2016,10,952.922621141294
6828,151301,-70.09849,44.12988,2016-10-01,1.356134,2016,10,952.922621141294
6829,151302,-70.09811,44.12988,2016-10-01,1.276057,2016,10,952.922621141294
6830,151303,-70.09774,44.12988,2016-10-01,1.188678,2016,10,952.922621141294
6831,151304,-70.09736,44.12988,2016-10-01,0.9380962,2016,10,501.53822165331263
6832,151305,-70.09699,44.12988,2016-10-01,0.8025653,2016,10,501.53822165331263
6833,151306,-70.09661,44.12988,2016-10-01,0.7251848,2016,10,501.53822165331263
6834,151307,-70.09624,44.12988,2016-10-01,0.8809672,2016,10,501.53822165331263
6835,151308,-70.09586,44.12988,2016-10-01,1.15031,2016,10,952.922621141294
6836,151309,-70.09549,44.12988,2016-10-01,1.343377,2016,10,952.922621141294
6837,151310,-70.09511,44.12988,2016-10-01,1.65204,2016,10,952.922621141294
6838,151311,-70.09474,44.12988,2016-10-01,1.766139,2016,10,952.922621141294
6839,151312,-70.09436,44.12988,2016-10-01,1.983101,2016,10,993.045678873559
6840,151313,-70.09399,44.12988,2016-10-01,1.921507,2016,10,952.922621141294
6841,151314,-70.09361,44.12988,2016-10-01,1.536419,2016,10,952.922621141294
6842,151315,-70.09324,44.12988,2016-10-01,1.180621,2016,10,952.922621141294
6843,151316,-70.09286,44.12988,2016-10-01,0.553869,2016,10,501.53822165331263
6844,151317,-70.09249,44.12988,2016-10-01,-0.0436161,2016,10,501.53822165331263
6845,151318,-70.09211,44.12988,2016-10-01,-1.011555,2016,10,50.15382216533126
6846,151319,-70.09174,44.12988,2016-10-01,-2.031789,2016,10,10.030764433066253
6847,151320,-70.09136,44.12988,2016-10-01,-3.274055,2016,10,10.030764433066253
6848,151321,-70.09099,44.12988,2016-10-01,-3.676818,2016,10,10.030764433066253
6849,151322,-70.09061,44.12988,2016-10-01,-3.899598,2016,10,10.030764433066253
6850,151323,-70.09024,44.12988,2016-10-01,-3.241251,2016,10,10.030764433066253
6851,151324,-70.10599,44.12961,2016-10-01,-1.509153,2016,10,50.15382216533126
6852,151325,-70.10561,44.12961,2016-10-01,-1.453719,2016,10,50.15382216533126
6853,151326,-70.10524,44.12961,2016-10-01,-0.8660279,2016,10,501.53822165331263
6854,151327,-70.10486,44.12961,2016-10-01,-0.3254695,2016,10,501.53822165331263
6855,151328,-70.10449,44.12961,2016-10-01,-0.02230183,2016,10,501.53822165331263
6856,151329,-70.10411,44.12961,2016-10-01,0.1355252,2016,10,501.53822165331263
6857,151330,-70.10374,44.12961,2016-10-01,0.4638732,2016,10,501.53822165331263
6858,151331,-70.10336,44.12961,2016-10-01,0.9761944,2016,10,501.53822165331263
6859,151332,-70.10299,44.12961,2016-10-01,1.567697,2016,10,952.922621141294
6860,151333,-70.10261,44.12961,2016-10-01,2.040065,2016,10,993.045678873559
6861,151334,-70.10224,44.12961,2016-10-01,2.186042,2016,10,993.045678873559
6862,151335,-70.10186,44.12961,2016-10-01,2.08714,2016,10,993.045678873559
6863,151336,-70.10149,44.12961,2016-10-01,1.933718,2016,10,952.922621141294
6864,151337,-70.10111,44.12961,2016-10-01,1.695477,2016,10,952.922621141294
6865,151338,-70.10074,44.12961,2016-10-01,1.570179,2016,10,952.922621141294
6866,151339,-70.10036,44.12961,2016-10-01,1.459379,2016,10,952.922621141294
6867,151340,-70.09999,44.12961,2016-10-01,1.431166,2016,10,952.922621141294
6868,151341,-70.09961,44.12961,2016-10-01,1.335309,2016,10,952.922621141294
6869,151342,-70.09924,44.12961,2016-10-01,1.246928,2016,10,952.922621141294
6870,151343,-70.09886,44.12961,2016-10-01,1.226677,2016,10,952.922621141294
6871,151344,-70.09849,44.12961,2016-10-01,1.286978,2016,10,952.922621141294
6872,151345,-70.09811,44.12961,2016-10-01,1.262014,2016,10,952.922621141294
6873,151346,-70.09774,44.12961,2016-10-01,1.197299,2016,10,952.922621141294
6874,151347,-70.09736,44.12961,2016-10-01,0.9254681,2016,10,501.53822165331263
6875,151348,-70.09699,44.12961,2016-10-01,0.7174035,2016,10,501.53822165331263
6876,151349,-70.09661,44.12961,2016-10-01,0.5750924,2016,10,501.53822165331263
6877,151350,-70.09624,44.12961,2016-10-01,0.7024406,2016,10,501.53822165331263
6878,151351,-70.09586,44.12961,2016-10-01,0.8980882,2016,10,501.53822165331263
6879,151352,-70.09549,44.12961,2016-10-01,1.135387,2016,10,952.922621141294
6880,151353,-70.09511,44.12961,2016-10-01,1.397149,2016,10,952.922621141294
6881,151354,-70.09474,44.12961,2016-10-01,1.629642,2016,10,952.922621141294
6882,151355,-70.09436,44.12961,2016-10-01,1.854925,2016,10,952.922621141294
6883,151356,-70.09399,44.12961,2016-10-01,1.930257,2016,10,952.922621141294
6884,151357,-70.09361,44.12961,2016-10-01,1.772282,2016,10,952.922621141294
6885,151358,-70.09324,44.12961,2016-10-01,1.407127,2016,10,952.922621141294
6886,151359,-70.09286,44.12961,2016-10-01,0.8465781,2016,10,501.53822165331263
6887,151360,-70.09249,44.12961,2016-10-01,0.1694968,2016,10,501.53822165331263
6888,151361,-70.09211,44.12961,2016-10-01,-0.756615,2016,10,501.53822165331263
6889,151362,-70.09174,44.12961,2016-10-01,-1.637534,2016,10,50.15382216533126
6890,151363,-70.09136,44.12961,2016-10-01,-2.669572,2016,10,10.030764433066253
6891,151364,-70.09099,44.12961,2016-10-01,-3.596486,2016,10,10.030764433066253
6892,151365,-70.09061,44.12961,2016-10-01,-4.268808,2016,10,10.030764433066253
6893,151366,-70.09024,44.12961,2016-10-01,-3.791503,2016,10,10.030764433066253
6894,151367,-70.08986,44.12961,2016-10-01,-3.631953,2016,10,10.030764433066253
6895,151368,-70.10599,44.12934,2016-10-01,-1.501374,2016,10,50.15382216533126
6896,151369,-70.10561,44.12934,2016-10-01,-1.472027,2016,10,50.15382216533126
6897,151370,-70.10524,44.12934,2016-10-01,-0.8241478,2016,10,501.53822165331263
6898,151371,-70.10486,44.12934,2016-10-01,-0.2982423,2016,10,501.53822165331263
6899,151372,-70.10449,44.12934,2016-10-01,0.0126198,2016,10,501.53822165331263
6900,151373,-70.10411,44.12934,2016-10-01,0.1294034,2016,10,501.53822165331263
6901,151374,-70.10374,44.12934,2016-10-01,0.4100826,2016,10,501.53822165331263
6902,151375,-70.10336,44.12934,2016-10-01,0.7332454,2016,10,501.53822165331263
6903,151376,-70.10299,44.12934,2016-10-01,1.206016,2016,10,952.922621141294
6904,151377,-70.10261,44.12934,2016-10-01,1.64999,2016,10,952.922621141294
6905,151378,-70.10224,44.12934,2016-10-01,2.065562,2016,10,993.045678873559
6906,151379,-70.10186,44.12934,2016-10-01,2.151226,2016,10,993.045678873559
6907,151380,-70.10149,44.12934,2016-10-01,2.041476,2016,10,993.045678873559
6908,151381,-70.10111,44.12934,2016-10-01,1.779343,2016,10,952.922621141294
6909,151382,-70.10074,44.12934,2016-10-01,1.545329,2016,10,952.922621141294
6910,151383,-70.10036,44.12934,2016-10-01,1.461056,2016,10,952.922621141294
6911,151384,-70.09999,44.12934,2016-10-01,1.356293,2016,10,952.922621141294
6912,151385,-70.09961,44.12934,2016-10-01,1.324231,2016,10,952.922621141294
6913,151386,-70.09924,44.12934,2016-10-01,1.176237,2016,10,952.922621141294
6914,151387,-70.09886,44.12934,2016-10-01,1.127696,2016,10,952.922621141294
6915,151388,-70.09849,44.12934,2016-10-01,1.148766,2016,10,952.922621141294
6916,151389,-70.09811,44.12934,2016-10-01,1.06707,2016,10,952.922621141294
6917,151390,-70.09774,44.12934,2016-10-01,1.019632,2016,10,952.922621141294
6918,151391,-70.09736,44.12934,2016-10-01,0.7964503,2016,10,501.53822165331263
6919,151392,-70.09699,44.12934,2016-10-01,0.6832108,2016,10,501.53822165331263
6920,151393,-70.09661,44.12934,2016-10-01,0.5466964,2016,10,501.53822165331263
6921,151394,-70.09624,44.12934,2016-10-01,0.6224137,2016,10,501.53822165331263
6922,151395,-70.09586,44.12934,2016-10-01,0.6889256,2016,10,501.53822165331263
6923,151396,-70.09549,44.12934,2016-10-01,0.9063829,2016,10,501.53822165331263
6924,151397,-70.09511,44.12934,2016-10-01,1.057974,2016,10,952.922621141294
6925,151398,-70.09474,44.12934,2016-10-01,1.362415,2016,10,952.922621141294
6926,151399,-70.09436,44.12934,2016-10-01,1.592706,2016,10,952.922621141294
6927,151400,-70.09399,44.12934,2016-10-01,1.766669,2016,10,952.922621141294
6928,151401,-70.09361,44.12934,2016-10-01,1.855002,2016,10,952.922621141294
6929,151402,-70.09324,44.12934,2016-10-01,1.606457,2016,10,952.922621141294
6930,151403,-70.09286,44.12934,2016-10-01,1.198381,2016,10,952.922621141294
6931,151404,-70.09249,44.12934,2016-10-01,0.4845409,2016,10,501.53822165331263
6932,151405,-70.09211,44.12934,2016-10-01,-0.4173269,2016,10,501.53822165331263
6933,151406,-70.09174,44.12934,2016-10-01,-1.27005,2016,10,50.15382216533126
6934,151407,-70.09136,44.12934,2016-10-01,-2.226329,2016,10,10.030764433066253
6935,151408,-70.09099,44.12934,2016-10-01,-3.434314,2016,10,10.030764433066253
6936,151409,-70.09061,44.12934,2016-10-01,-4.473944,2016,10,10.030764433066253
6937,151410,-70.09024,44.12934,2016-10-01,-4.251742,2016,10,10.030764433066253
6938,151411,-70.08986,44.12934,2016-10-01,-4.180127,2016,10,10.030764433066253
6939,151412,-70.10636,44.12907,2016-10-01,-1.632618,2016,10,50.15382216533126
6940,151413,-70.10599,44.12907,2016-10-01,-1.589222,2016,10,50.15382216533126
6941,151414,-70.10561,44.12907,2016-10-01,-1.352881,2016,10,50.15382216533126
6942,151415,-70.10524,44.12907,2016-10-01,-0.647786,2016,10,501.53822165331263
6943,151416,-70.10486,44.12907,2016-10-01,-0.1555344,2016,10,501.53822165331263
6944,151417,-70.10449,44.12907,2016-10-01,0.110243,2016,10,501.53822165331263
6945,151418,-70.10411,44.12907,2016-10-01,0.1246531,2016,10,501.53822165331263
6946,151419,-70.10374,44.12907,2016-10-01,0.2868809,2016,10,501.53822165331263
6947,151420,-70.10336,44.12907,2016-10-01,0.4438231,2016,10,501.53822165331263
6948,151421,-70.10299,44.12907,2016-10-01,0.8045884,2016,10,501.53822165331263
6949,151422,-70.10261,44.12907,2016-10-01,1.237467,2016,10,952.922621141294
6950,151423,-70.10224,44.12907,2016-10-01,1.70891,2016,10,952.922621141294
6951,151424,-70.10186,44.12907,2016-10-01,1.930872,2016,10,952.922621141294
6952,151425,-70.10149,44.12907,2016-10-01,1.966266,2016,10,993.045678873559
6953,151426,-70.10111,44.12907,2016-10-01,1.781159,2016,10,952.922621141294
6954,151427,-70.10074,44.12907,2016-10-01,1.580187,2016,10,952.922621141294
6955,151428,-70.10036,44.12907,2016-10-01,1.4599,2016,10,952.922621141294
6956,151429,-70.09999,44.12907,2016-10-01,1.279654,2016,10,952.922621141294
6957,151430,-70.09961,44.12907,2016-10-01,1.277462,2016,10,952.922621141294
6958,151431,-70.09924,44.12907,2016-10-01,1.173386,2016,10,952.922621141294
6959,151432,-70.09886,44.12907,2016-10-01,1.132801,2016,10,952.922621141294
6960,151433,-70.09849,44.12907,2016-10-01,1.085521,2016,10,952.922621141294
6961,151434,-70.09811,44.12907,2016-10-01,0.9337834,2016,10,501.53822165331263
6962,151435,-70.09774,44.12907,2016-10-01,0.8741325,2016,10,501.53822165331263
6963,151436,-70.09736,44.12907,2016-10-01,0.690638,2016,10,501.53822165331263
6964,151437,-70.09699,44.12907,2016-10-01,0.6318787,2016,10,501.53822165331263
6965,151438,-70.09661,44.12907,2016-10-01,0.5578718,2016,10,501.53822165331263
6966,151439,-70.09624,44.12907,2016-10-01,0.5740564,2016,10,501.53822165331263
6967,151440,-70.09586,44.12907,2016-10-01,0.6473905,2016,10,501.53822165331263
6968,151441,-70.09549,44.12907,2016-10-01,0.8139283,2016,10,501.53822165331263
6969,151442,-70.09511,44.12907,2016-10-01,0.8742143,2016,10,501.53822165331263
6970,151443,-70.09474,44.12907,2016-10-01,1.100189,2016,10,952.922621141294
6971,151444,-70.09436,44.12907,2016-10-01,1.324695,2016,10,952.922621141294
6972,151445,-70.09399,44.12907,2016-10-01,1.545346,2016,10,952.922621141294
6973,151446,-70.09361,44.12907,2016-10-01,1.719402,2016,10,952.922621141294
6974,151447,-70.09324,44.12907,2016-10-01,1.599764,2016,10,952.922621141294
6975,151448,-70.09286,44.12907,2016-10-01,1.371616,2016,10,952.922621141294
6976,151449,-70.09249,44.12907,2016-10-01,0.7370965,2016,10,501.53822165331263
6977,151450,-70.09211,44.12907,2016-10-01,-0.0438191,2016,10,501.53822165331263
6978,151451,-70.09174,44.12907,2016-10-01,-0.9299256,2016,10,501.53822165331263
6979,151452,-70.09136,44.12907,2016-10-01,-1.900614,2016,10,50.15382216533126
6980,151453,-70.09099,44.12907,2016-10-01,-3.202426,2016,10,10.030764433066253
6981,151454,-70.09061,44.12907,2016-10-01,-4.391093,2016,10,10.030764433066253
6982,151455,-70.09024,44.12907,2016-10-01,-4.528457,2016,10,10.030764433066253
6983,151456,-70.08986,44.12907,2016-10-01,-4.48748,2016,10,10.030764433066253
6984,151457,-70.10636,44.1288,2016-10-01,-1.523073,2016,10,50.15382216533126
6985,151458,-70.10599,44.1288,2016-10-01,-1.73074,2016,10,50.15382216533126
6986,151459,-70.10561,44.1288,2016-10-01,-1.379025,2016,10,50.15382216533126
6987,151460,-70.10524,44.1288,2016-10-01,-0.6810173,2016,10,501.53822165331263
6988,151461,-70.10486,44.1288,2016-10-01,-0.2253418,2016,10,501.53822165331263
6989,151462,-70.10449,44.1288,2016-10-01,0.006241849,2016,10,501.53822165331263
6990,151463,-70.10411,44.1288,2016-10-01,0.03295112,2016,10,501.53822165331263
6991,151464,-70.10374,44.1288,2016-10-01,0.1290382,2016,10,501.53822165331263
6992,151465,-70.10336,44.1288,2016-10-01,0.1741842,2016,10,501.53822165331263
6993,151466,-70.10299,44.1288,2016-10-01,0.4648608,2016,10,501.53822165331263
6994,151467,-70.10261,44.1288,2016-10-01,0.7790221,2016,10,501.53822165331263
6995,151468,-70.10224,44.1288,2016-10-01,1.309182,2016,10,952.922621141294
6996,151469,-70.10186,44.1288,2016-10-01,1.653415,2016,10,952.922621141294
6997,151470,-70.10149,44.1288,2016-10-01,1.8465,2016,10,952.922621141294
6998,151471,-70.10111,44.1288,2016-10-01,1.771352,2016,10,952.922621141294
6999,151472,-70.10074,44.1288,2016-10-01,1.640994,2016,10,952.922621141294
7000,151473,-70.10036,44.1288,2016-10-01,1.492129,2016,10,952.922621141294
7001,151474,-70.09999,44.1288,2016-10-01,1.400866,2016,10,952.922621141294
7002,151475,-70.09961,44.1288,2016-10-01,1.353793,2016,10,952.922621141294
7003,151476,-70.09924,44.1288,2016-10-01,1.238435,2016,10,952.922621141294
7004,151477,-70.09886,44.1288,2016-10-01,1.162594,2016,10,952.922621141294
7005,151478,-70.09849,44.1288,2016-10-01,1.054834,2016,10,952.922621141294
7006,151479,-70.09811,44.1288,2016-10-01,0.8991676,2016,10,501.53822165331263
7007,151480,-70.09774,44.1288,2016-10-01,0.7978366,2016,10,501.53822165331263
7008,151481,-70.09736,44.1288,2016-10-01,0.6476738,2016,10,501.53822165331263
7009,151482,-70.09699,44.1288,2016-10-01,0.5669252,2016,10,501.53822165331263
7010,151483,-70.09661,44.1288,2016-10-01,0.5514722,2016,10,501.53822165331263
7011,151484,-70.09624,44.1288,2016-10-01,0.5352768,2016,10,501.53822165331263
7012,151485,-70.09586,44.1288,2016-10-01,0.6503017,2016,10,501.53822165331263
7013,151486,-70.09549,44.1288,2016-10-01,0.7009876,2016,10,501.53822165331263
7014,151487,-70.09511,44.1288,2016-10-01,0.7763958,2016,10,501.53822165331263
7015,151488,-70.09474,44.1288,2016-10-01,0.8972206,2016,10,501.53822165331263
7016,151489,-70.09436,44.1288,2016-10-01,1.080032,2016,10,952.922621141294
7017,151490,-70.09399,44.1288,2016-10-01,1.297898,2016,10,952.922621141294
7018,151491,-70.09361,44.1288,2016-10-01,1.489176,2016,10,952.922621141294
7019,151492,-70.09324,44.1288,2016-10-01,1.4802,2016,10,952.922621141294
7020,151493,-70.09286,44.1288,2016-10-01,1.395472,2016,10,952.922621141294
7021,151494,-70.09249,44.1288,2016-10-01,0.9346951,2016,10,501.53822165331263
7022,151495,-70.09211,44.1288,2016-10-01,0.3256225,2016,10,501.53822165331263
7023,151496,-70.09174,44.1288,2016-10-01,-0.5581704,2016,10,501.53822165331263
7024,151497,-70.09136,44.1288,2016-10-01,-1.551562,2016,10,50.15382216533126
7025,151498,-70.09099,44.1288,2016-10-01,-2.914412,2016,10,10.030764433066253
7026,151499,-70.09061,44.1288,2016-10-01,-4.190365,2016,10,10.030764433066253
7027,151500,-70.09024,44.1288,2016-10-01,-4.694333,2016,10,10.030764433066253
7028,151501,-70.08986,44.1288,2016-10-01,-4.631081,2016,10,10.030764433066253
7029,151502,-70.08949,44.1288,2016-10-01,-3.379015,2016,10,10.030764433066253
7030,151503,-70.10636,44.12853,2016-10-01,-1.689857,2016,10,50.15382216533126
7031,151504,-70.10599,44.12853,2016-10-01,-1.783288,2016,10,50.15382216533126
7032,151505,-70.10561,44.12853,2016-10-01,-1.283058,2016,10,50.15382216533126
7033,151506,-70.10524,44.12853,2016-10-01,-0.6154461,2016,10,501.53822165331263
7034,151507,-70.10486,44.12853,2016-10-01,-0.2445854,2016,10,501.53822165331263
7035,151508,-70.10449,44.12853,2016-10-01,-0.07259212,2016,10,501.53822165331263
7036,151509,-70.10411,44.12853,2016-10-01,-0.1034011,2016,10,501.53822165331263
7037,151510,-70.10374,44.12853,2016-10-01,-0.005362659,2016,10,501.53822165331263
7038,151511,-70.10336,44.12853,2016-10-01,-0.006164209,2016,10,501.53822165331263
7039,151512,-70.10299,44.12853,2016-10-01,0.2407265,2016,10,501.53822165331263
7040,151513,-70.10261,44.12853,2016-10-01,0.4992637,2016,10,501.53822165331263
7041,151514,-70.10224,44.12853,2016-10-01,0.9787321,2016,10,501.53822165331263
7042,151515,-70.10186,44.12853,2016-10-01,1.351762,2016,10,952.922621141294
7043,151516,-70.10149,44.12853,2016-10-01,1.634366,2016,10,952.922621141294
7044,151517,-70.10111,44.12853,2016-10-01,1.676264,2016,10,952.922621141294
7045,151518,-70.10074,44.12853,2016-10-01,1.656903,2016,10,952.922621141294
7046,151519,-70.10036,44.12853,2016-10-01,1.550432,2016,10,952.922621141294
7047,151520,-70.09999,44.12853,2016-10-01,1.466101,2016,10,952.922621141294
7048,151521,-70.09961,44.12853,2016-10-01,1.385248,2016,10,952.922621141294
7049,151522,-70.09924,44.12853,2016-10-01,1.313303,2016,10,952.922621141294
7050,151523,-70.09886,44.12853,2016-10-01,1.2296,2016,10,952.922621141294
7051,151524,-70.09849,44.12853,2016-10-01,1.091239,2016,10,952.922621141294
7052,151525,-70.09811,44.12853,2016-10-01,0.955971,2016,10,501.53822165331263
7053,151526,-70.09774,44.12853,2016-10-01,0.8280302,2016,10,501.53822165331263
7054,151527,-70.09736,44.12853,2016-10-01,0.6961254,2016,10,501.53822165331263
7055,151528,-70.09699,44.12853,2016-10-01,0.5491302,2016,10,501.53822165331263
7056,151529,-70.09661,44.12853,2016-10-01,0.5085589,2016,10,501.53822165331263
7057,151530,-70.09624,44.12853,2016-10-01,0.4850144,2016,10,501.53822165331263
7058,151531,-70.09586,44.12853,2016-10-01,0.5961688,2016,10,501.53822165331263
7059,151532,-70.09549,44.12853,2016-10-01,0.6164559,2016,10,501.53822165331263
7060,151533,-70.09511,44.12853,2016-10-01,0.6680716,2016,10,501.53822165331263
7061,151534,-70.09474,44.12853,2016-10-01,0.7268886,2016,10,501.53822165331263
7062,151535,-70.09436,44.12853,2016-10-01,0.91344,2016,10,501.53822165331263
7063,151536,-70.09399,44.12853,2016-10-01,1.116685,2016,10,952.922621141294
7064,151537,-70.09361,44.12853,2016-10-01,1.286921,2016,10,952.922621141294
7065,151538,-70.09324,44.12853,2016-10-01,1.325552,2016,10,952.922621141294
7066,151539,-70.09286,44.12853,2016-10-01,1.276422,2016,10,952.922621141294
7067,151540,-70.09249,44.12853,2016-10-01,1.047045,2016,10,952.922621141294
7068,151541,-70.09211,44.12853,2016-10-01,0.6155429,2016,10,501.53822165331263
7069,151542,-70.09174,44.12853,2016-10-01,-0.170507,2016,10,501.53822165331263
7070,151543,-70.09136,44.12853,2016-10-01,-1.109414,2016,10,50.15382216533126
7071,151544,-70.09099,44.12853,2016-10-01,-2.480042,2016,10,10.030764433066253
7072,151545,-70.09061,44.12853,2016-10-01,-3.773268,2016,10,10.030764433066253
7073,151546,-70.09024,44.12853,2016-10-01,-4.694652,2016,10,10.030764433066253
7074,151547,-70.08986,44.12853,2016-10-01,-4.960499,2016,10,10.030764433066253
7075,151548,-70.08949,44.12853,2016-10-01,-4.006184,2016,10,10.030764433066253
7076,151549,-70.08911,44.12853,2016-10-01,-3.69245,2016,10,10.030764433066253
7077,151550,-70.10674,44.12826,2016-10-01,-1.831679,2016,10,50.15382216533126
7078,151551,-70.10636,44.12826,2016-10-01,-1.83319,2016,10,50.15382216533126
7079,151552,-70.10599,44.12826,2016-10-01,-1.79013,2016,10,50.15382216533126
7080,151553,-70.10561,44.12826,2016-10-01,-1.345753,2016,10,50.15382216533126
7081,151554,-70.10524,44.12826,2016-10-01,-0.7389129,2016,10,501.53822165331263
7082,151555,-70.10486,44.12826,2016-10-01,-0.2781572,2016,10,501.53822165331263
7083,151556,-70.10449,44.12826,2016-10-01,-0.07710625,2016,10,501.53822165331263
7084,151557,-70.10411,44.12826,2016-10-01,-0.07345309,2016,10,501.53822165331263
7085,151558,-70.10374,44.12826,2016-10-01,-0.05682746,2016,10,501.53822165331263
7086,151559,-70.10336,44.12826,2016-10-01,-0.06614113,2016,10,501.53822165331263
7087,151560,-70.10299,44.12826,2016-10-01,0.1565413,2016,10,501.53822165331263
7088,151561,-70.10261,44.12826,2016-10-01,0.4783892,2016,10,501.53822165331263
7089,151562,-70.10224,44.12826,2016-10-01,0.9332019,2016,10,501.53822165331263
7090,151563,-70.10186,44.12826,2016-10-01,1.260244,2016,10,952.922621141294
7091,151564,-70.10149,44.12826,2016-10-01,1.463252,2016,10,952.922621141294
7092,151565,-70.10111,44.12826,2016-10-01,1.523854,2016,10,952.922621141294
7093,151566,-70.10074,44.12826,2016-10-01,1.567723,2016,10,952.922621141294
7094,151567,-70.10036,44.12826,2016-10-01,1.518758,2016,10,952.922621141294
7095,151568,-70.09999,44.12826,2016-10-01,1.459334,2016,10,952.922621141294
7096,151569,-70.09961,44.12826,2016-10-01,1.374957,2016,10,952.922621141294
7097,151570,-70.09924,44.12826,2016-10-01,1.267874,2016,10,952.922621141294
7098,151571,-70.09886,44.12826,2016-10-01,1.181898,2016,10,952.922621141294
7099,151572,-70.09849,44.12826,2016-10-01,1.106067,2016,10,952.922621141294
7100,151573,-70.09811,44.12826,2016-10-01,1.053347,2016,10,952.922621141294
7101,151574,-70.09774,44.12826,2016-10-01,0.9201417,2016,10,501.53822165331263
7102,151575,-70.09736,44.12826,2016-10-01,0.7232964,2016,10,501.53822165331263
7103,151576,-70.09699,44.12826,2016-10-01,0.5008259,2016,10,501.53822165331263
7104,151577,-70.09661,44.12826,2016-10-01,0.440284,2016,10,501.53822165331263
7105,151578,-70.09624,44.12826,2016-10-01,0.4630755,2016,10,501.53822165331263
7106,151579,-70.09586,44.12826,2016-10-01,0.4875125,2016,10,501.53822165331263
7107,151580,-70.09549,44.12826,2016-10-01,0.5155151,2016,10,501.53822165331263
7108,151581,-70.09511,44.12826,2016-10-01,0.5731074,2016,10,501.53822165331263
7109,151582,-70.09474,44.12826,2016-10-01,0.6936841,2016,10,501.53822165331263
7110,151583,-70.09436,44.12826,2016-10-01,0.9048851,2016,10,501.53822165331263
7111,151584,-70.09399,44.12826,2016-10-01,1.110613,2016,10,952.922621141294
7112,151585,-70.09361,44.12826,2016-10-01,1.212584,2016,10,952.922621141294
7113,151586,-70.09324,44.12826,2016-10-01,1.239767,2016,10,952.922621141294
7114,151587,-70.09286,44.12826,2016-10-01,1.207709,2016,10,952.922621141294
7115,151588,-70.09249,44.12826,2016-10-01,1.14728,2016,10,952.922621141294
7116,151589,-70.09211,44.12826,2016-10-01,0.9142302,2016,10,501.53822165331263
7117,151590,-70.09174,44.12826,2016-10-01,0.2797462,2016,10,501.53822165331263
7118,151591,-70.09136,44.12826,2016-10-01,-0.5910208,2016,10,501.53822165331263
7119,151592,-70.09099,44.12826,2016-10-01,-1.919519,2016,10,50.15382216533126
7120,151593,-70.09061,44.12826,2016-10-01,-3.246771,2016,10,10.030764433066253
7121,151594,-70.09024,44.12826,2016-10-01,-4.407743,2016,10,10.030764433066253
7122,151595,-70.08986,44.12826,2016-10-01,-5.034641,2016,10,10.030764433066253
7123,151596,-70.08949,44.12826,2016-10-01,-4.298859,2016,10,10.030764433066253
7124,151597,-70.08911,44.12826,2016-10-01,-4.123961,2016,10,10.030764433066253
7125,151598,-70.10711,44.12799,2016-10-01,-1.532143,2016,10,50.15382216533126
7126,151599,-70.10674,44.12799,2016-10-01,-1.83293,2016,10,50.15382216533126
7127,151600,-70.10636,44.12799,2016-10-01,-1.893322,2016,10,50.15382216533126
7128,151601,-70.10599,44.12799,2016-10-01,-1.703046,2016,10,50.15382216533126
7129,151602,-70.10561,44.12799,2016-10-01,-1.292151,2016,10,50.15382216533126
7130,151603,-70.10524,44.12799,2016-10-01,-0.8158325,2016,10,501.53822165331263
7131,151604,-70.10486,44.12799,2016-10-01,-0.3002665,2016,10,501.53822165331263
7132,151605,-70.10449,44.12799,2016-10-01,-0.1286521,2016,10,501.53822165331263
7133,151606,-70.10411,44.12799,2016-10-01,-0.08427884,2016,10,501.53822165331263
7134,151607,-70.10374,44.12799,2016-10-01,-0.0989739,2016,10,501.53822165331263
7135,151608,-70.10336,44.12799,2016-10-01,-0.0637255,2016,10,501.53822165331263
7136,151609,-70.10299,44.12799,2016-10-01,0.1668541,2016,10,501.53822165331263
7137,151610,-70.10261,44.12799,2016-10-01,0.4936512,2016,10,501.53822165331263
7138,151611,-70.10224,44.12799,2016-10-01,0.8541708,2016,10,501.53822165331263
7139,151612,-70.10186,44.12799,2016-10-01,1.155517,2016,10,952.922621141294
7140,151613,-70.10149,44.12799,2016-10-01,1.337749,2016,10,952.922621141294
7141,151614,-70.10111,44.12799,2016-10-01,1.392837,2016,10,952.922621141294
7142,151615,-70.10074,44.12799,2016-10-01,1.4223,2016,10,952.922621141294
7143,151616,-70.10036,44.12799,2016-10-01,1.388338,2016,10,952.922621141294
7144,151617,-70.09999,44.12799,2016-10-01,1.341485,2016,10,952.922621141294
7145,151618,-70.09961,44.12799,2016-10-01,1.251122,2016,10,952.922621141294
7146,151619,-70.09924,44.12799,2016-10-01,1.168533,2016,10,952.922621141294
7147,151620,-70.09886,44.12799,2016-10-01,1.134574,2016,10,952.922621141294
7148,151621,-70.09849,44.12799,2016-10-01,1.135008,2016,10,952.922621141294
7149,151622,-70.09811,44.12799,2016-10-01,1.102764,2016,10,952.922621141294
7150,151623,-70.09774,44.12799,2016-10-01,0.9881227,2016,10,501.53822165331263
7151,151624,-70.09736,44.12799,2016-10-01,0.7408202,2016,10,501.53822165331263
7152,151625,-70.09699,44.12799,2016-10-01,0.5387315,2016,10,501.53822165331263
7153,151626,-70.09661,44.12799,2016-10-01,0.4205378,2016,10,501.53822165331263
7154,151627,-70.09624,44.12799,2016-10-01,0.4367505,2016,10,501.53822165331263
7155,151628,-70.09586,44.12799,2016-10-01,0.4137314,2016,10,501.53822165331263
7156,151629,-70.09549,44.12799,2016-10-01,0.4604667,2016,10,501.53822165331263
7157,151630,-70.09511,44.12799,2016-10-01,0.5581915,2016,10,501.53822165331263
7158,151631,-70.09474,44.12799,2016-10-01,0.7561295,2016,10,501.53822165331263
7159,151632,-70.09436,44.12799,2016-10-01,0.9520982,2016,10,501.53822165331263
7160,151633,-70.09399,44.12799,2016-10-01,1.118534,2016,10,952.922621141294
7161,151634,-70.09361,44.12799,2016-10-01,1.20589,2016,10,952.922621141294
7162,151635,-70.09324,44.12799,2016-10-01,1.203465,2016,10,952.922621141294
7163,151636,-70.09286,44.12799,2016-10-01,1.223694,2016,10,952.922621141294
7164,151637,-70.09249,44.12799,2016-10-01,1.236383,2016,10,952.922621141294
7165,151638,-70.09211,44.12799,2016-10-01,1.119911,2016,10,952.922621141294
7166,151639,-70.09174,44.12799,2016-10-01,0.6611577,2016,10,501.53822165331263
7167,151640,-70.09136,44.12799,2016-10-01,-0.1208192,2016,10,501.53822165331263
7168,151641,-70.09099,44.12799,2016-10-01,-1.300807,2016,10,50.15382216533126
7169,151642,-70.09061,44.12799,2016-10-01,-2.686145,2016,10,10.030764433066253
7170,151643,-70.09024,44.12799,2016-10-01,-3.944529,2016,10,10.030764433066253
7171,151644,-70.08986,44.12799,2016-10-01,-4.842963,2016,10,10.030764433066253
7172,151645,-70.08949,44.12799,2016-10-01,-4.260859,2016,10,10.030764433066253
7173,151646,-70.08911,44.12799,2016-10-01,-4.076931,2016,10,10.030764433066253
7174,151647,-70.10711,44.12772,2016-10-01,-1.973693,2016,10,10.030764433066253
7175,151648,-70.10674,44.12772,2016-10-01,-2.235479,2016,10,10.030764433066253
7176,151649,-70.10636,44.12772,2016-10-01,-2.143249,2016,10,10.030764433066253
7177,151650,-70.10599,44.12772,2016-10-01,-1.762885,2016,10,50.15382216533126
7178,151651,-70.10561,44.12772,2016-10-01,-1.308686,2016,10,50.15382216533126
7179,151652,-70.10524,44.12772,2016-10-01,-0.8318445,2016,10,501.53822165331263
7180,151653,-70.10486,44.12772,2016-10-01,-0.3367752,2016,10,501.53822165331263
7181,151654,-70.10449,44.12772,2016-10-01,-0.1365898,2016,10,501.53822165331263
7182,151655,-70.10411,44.12772,2016-10-01,-0.01255789,2016,10,501.53822165331263
7183,151656,-70.10374,44.12772,2016-10-01,0.001129221,2016,10,501.53822165331263
7184,151657,-70.10336,44.12772,2016-10-01,0.006668569,2016,10,501.53822165331263
7185,151658,-70.10299,44.12772,2016-10-01,0.21342,2016,10,501.53822165331263
7186,151659,-70.10261,44.12772,2016-10-01,0.5019066,2016,10,501.53822165331263
7187,151660,-70.10224,44.12772,2016-10-01,0.8046592,2016,10,501.53822165331263
7188,151661,-70.10186,44.12772,2016-10-01,1.017312,2016,10,952.922621141294
7189,151662,-70.10149,44.12772,2016-10-01,1.132552,2016,10,952.922621141294
7190,151663,-70.10111,44.12772,2016-10-01,1.210596,2016,10,952.922621141294
7191,151664,-70.10074,44.12772,2016-10-01,1.288807,2016,10,952.922621141294
7192,151665,-70.10036,44.12772,2016-10-01,1.26623,2016,10,952.922621141294
7193,151666,-70.09999,44.12772,2016-10-01,1.21556,2016,10,952.922621141294
7194,151667,-70.09961,44.12772,2016-10-01,1.154662,2016,10,952.922621141294
7195,151668,-70.09924,44.12772,2016-10-01,1.094472,2016,10,952.922621141294
7196,151669,-70.09886,44.12772,2016-10-01,1.086229,2016,10,952.922621141294
7197,151670,-70.09849,44.12772,2016-10-01,1.108155,2016,10,952.922621141294
7198,151671,-70.09811,44.12772,2016-10-01,1.1207,2016,10,952.922621141294
7199,151672,-70.09774,44.12772,2016-10-01,1.061859,2016,10,952.922621141294
7200,151673,-70.09736,44.12772,2016-10-01,0.7836435,2016,10,501.53822165331263
7201,151674,-70.09699,44.12772,2016-10-01,0.576153,2016,10,501.53822165331263
7202,151675,-70.09661,44.12772,2016-10-01,0.4130265,2016,10,501.53822165331263
7203,151676,-70.09624,44.12772,2016-10-01,0.4179867,2016,10,501.53822165331263
7204,151677,-70.09586,44.12772,2016-10-01,0.3968888,2016,10,501.53822165331263
7205,151678,-70.09549,44.12772,2016-10-01,0.4478018,2016,10,501.53822165331263
7206,151679,-70.09511,44.12772,2016-10-01,0.5857012,2016,10,501.53822165331263
7207,151680,-70.09474,44.12772,2016-10-01,0.8292257,2016,10,501.53822165331263
7208,151681,-70.09436,44.12772,2016-10-01,1.005124,2016,10,952.922621141294
7209,151682,-70.09399,44.12772,2016-10-01,1.134245,2016,10,952.922621141294
7210,151683,-70.09361,44.12772,2016-10-01,1.217013,2016,10,952.922621141294
7211,151684,-70.09324,44.12772,2016-10-01,1.171619,2016,10,952.922621141294
7212,151685,-70.09286,44.12772,2016-10-01,1.182966,2016,10,952.922621141294
7213,151686,-70.09249,44.12772,2016-10-01,1.220731,2016,10,952.922621141294
7214,151687,-70.09211,44.12772,2016-10-01,1.185682,2016,10,952.922621141294
7215,151688,-70.09174,44.12772,2016-10-01,0.9224623,2016,10,501.53822165331263
7216,151689,-70.09136,44.12772,2016-10-01,0.2699614,2016,10,501.53822165331263
7217,151690,-70.09099,44.12772,2016-10-01,-0.7530986,2016,10,501.53822165331263
7218,151691,-70.09061,44.12772,2016-10-01,-2.116912,2016,10,10.030764433066253
7219,151692,-70.09024,44.12772,2016-10-01,-3.486716,2016,10,10.030764433066253
7220,151693,-70.08986,44.12772,2016-10-01,-4.65352,2016,10,10.030764433066253
7221,151694,-70.08949,44.12772,2016-10-01,-4.255907,2016,10,10.030764433066253
7222,151695,-70.08911,44.12772,2016-10-01,-4.086841,2016,10,10.030764433066253
7223,151696,-70.10711,44.12745,2016-10-01,-1.992749,2016,10,10.030764433066253
7224,151697,-70.10674,44.12745,2016-10-01,-2.293597,2016,10,10.030764433066253
7225,151698,-70.10636,44.12745,2016-10-01,-2.205503,2016,10,10.030764433066253
7226,151699,-70.10599,44.12745,2016-10-01,-1.832679,2016,10,50.15382216533126
7227,151700,-70.10561,44.12745,2016-10-01,-1.376829,2016,10,50.15382216533126
7228,151701,-70.10524,44.12745,2016-10-01,-0.8679874,2016,10,501.53822165331263
7229,151702,-70.10486,44.12745,2016-10-01,-0.3998227,2016,10,501.53822165331263
7230,151703,-70.10449,44.12745,2016-10-01,-0.09973437,2016,10,501.53822165331263
7231,151704,-70.10411,44.12745,2016-10-01,0.04552484,2016,10,501.53822165331263
7232,151705,-70.10374,44.12745,2016-10-01,0.03323058,2016,10,501.53822165331263
7233,151706,-70.10336,44.12745,2016-10-01,0.07900612,2016,10,501.53822165331263
7234,151707,-70.10299,44.12745,2016-10-01,0.2748473,2016,10,501.53822165331263
7235,151708,-70.10261,44.12745,2016-10-01,0.4831346,2016,10,501.53822165331263
7236,151709,-70.10224,44.12745,2016-10-01,0.7220705,2016,10,501.53822165331263
7237,151710,-70.10186,44.12745,2016-10-01,0.8968616,2016,10,501.53822165331263
7238,151711,-70.10149,44.12745,2016-10-01,1.001882,2016,10,952.922621141294
7239,151712,-70.10111,44.12745,2016-10-01,1.1227,2016,10,952.922621141294
7240,151713,-70.10074,44.12745,2016-10-01,1.15848,2016,10,952.922621141294
7241,151714,-70.10036,44.12745,2016-10-01,1.12831,2016,10,952.922621141294
7242,151715,-70.09999,44.12745,2016-10-01,1.074793,2016,10,952.922621141294
7243,151716,-70.09961,44.12745,2016-10-01,1.072611,2016,10,952.922621141294
7244,151717,-70.09924,44.12745,2016-10-01,1.025589,2016,10,952.922621141294
7245,151718,-70.09886,44.12745,2016-10-01,1.084887,2016,10,952.922621141294
7246,151719,-70.09849,44.12745,2016-10-01,1.147487,2016,10,952.922621141294
7247,151720,-70.09811,44.12745,2016-10-01,1.223256,2016,10,952.922621141294
7248,151721,-70.09774,44.12745,2016-10-01,1.143294,2016,10,952.922621141294
7249,151722,-70.09736,44.12745,2016-10-01,0.9016556,2016,10,501.53822165331263
7250,151723,-70.09699,44.12745,2016-10-01,0.6829718,2016,10,501.53822165331263
7251,151724,-70.09661,44.12745,2016-10-01,0.5060118,2016,10,501.53822165331263
7252,151725,-70.09624,44.12745,2016-10-01,0.4684351,2016,10,501.53822165331263
7253,151726,-70.09586,44.12745,2016-10-01,0.4385702,2016,10,501.53822165331263
7254,151727,-70.09549,44.12745,2016-10-01,0.5310501,2016,10,501.53822165331263
7255,151728,-70.09511,44.12745,2016-10-01,0.6550991,2016,10,501.53822165331263
7256,151729,-70.09474,44.12745,2016-10-01,0.8776644,2016,10,501.53822165331263
7257,151730,-70.09436,44.12745,2016-10-01,1.001328,2016,10,952.922621141294
7258,151731,-70.09399,44.12745,2016-10-01,1.140378,2016,10,952.922621141294
7259,151732,-70.09361,44.12745,2016-10-01,1.202279,2016,10,952.922621141294
7260,151733,-70.09324,44.12745,2016-10-01,1.197544,2016,10,952.922621141294
7261,151734,-70.09286,44.12745,2016-10-01,1.180757,2016,10,952.922621141294
7262,151735,-70.09249,44.12745,2016-10-01,1.21723,2016,10,952.922621141294
7263,151736,-70.09211,44.12745,2016-10-01,1.186729,2016,10,952.922621141294
7264,151737,-70.09174,44.12745,2016-10-01,0.9937563,2016,10,501.53822165331263
7265,151738,-70.09136,44.12745,2016-10-01,0.4563184,2016,10,501.53822165331263
7266,151739,-70.09099,44.12745,2016-10-01,-0.3997341,2016,10,501.53822165331263
7267,151740,-70.09061,44.12745,2016-10-01,-1.736961,2016,10,50.15382216533126
7268,151741,-70.09024,44.12745,2016-10-01,-3.143507,2016,10,10.030764433066253
7269,151742,-70.08986,44.12745,2016-10-01,-4.477652,2016,10,10.030764433066253
7270,151743,-70.08949,44.12745,2016-10-01,-4.239116,2016,10,10.030764433066253
7271,151744,-70.08911,44.12745,2016-10-01,-4.086385,2016,10,10.030764433066253
7272,151745,-70.10711,44.12718,2016-10-01,-2.043154,2016,10,10.030764433066253
7273,151746,-70.10674,44.12718,2016-10-01,-2.426551,2016,10,10.030764433066253
7274,151747,-70.10636,44.12718,2016-10-01,-2.363677,2016,10,10.030764433066253
7275,151748,-70.10599,44.12718,2016-10-01,-1.996175,2016,10,10.030764433066253
7276,151749,-70.10561,44.12718,2016-10-01,-1.474708,2016,10,50.15382216533126
7277,151750,-70.10524,44.12718,2016-10-01,-0.8815462,2016,10,501.53822165331263
7278,151751,-70.10486,44.12718,2016-10-01,-0.4060136,2016,10,501.53822165331263
7279,151752,-70.10449,44.12718,2016-10-01,-0.0217697,2016,10,501.53822165331263
7280,151753,-70.10411,44.12718,2016-10-01,0.1077956,2016,10,501.53822165331263
7281,151754,-70.10374,44.12718,2016-10-01,0.1794542,2016,10,501.53822165331263
7282,151755,-70.10336,44.12718,2016-10-01,0.1556619,2016,10,501.53822165331263
7283,151756,-70.10299,44.12718,2016-10-01,0.238962,2016,10,501.53822165331263
7284,151757,-70.10261,44.12718,2016-10-01,0.3943434,2016,10,501.53822165331263
7285,151758,-70.10224,44.12718,2016-10-01,0.5399862,2016,10,501.53822165331263
7286,151759,-70.10186,44.12718,2016-10-01,0.682037,2016,10,501.53822165331263
7287,151760,-70.10149,44.12718,2016-10-01,0.7586036,2016,10,501.53822165331263
7288,151761,-70.10111,44.12718,2016-10-01,0.89242,2016,10,501.53822165331263
7289,151762,-70.10074,44.12718,2016-10-01,0.937686,2016,10,501.53822165331263
7290,151763,-70.10036,44.12718,2016-10-01,0.9781068,2016,10,501.53822165331263
7291,151764,-70.09999,44.12718,2016-10-01,0.9293376,2016,10,501.53822165331263
7292,151765,-70.09961,44.12718,2016-10-01,0.9477275,2016,10,501.53822165331263
7293,151766,-70.09924,44.12718,2016-10-01,0.957844,2016,10,501.53822165331263
7294,151767,-70.09886,44.12718,2016-10-01,1.077871,2016,10,952.922621141294
7295,151768,-70.09849,44.12718,2016-10-01,1.153112,2016,10,952.922621141294
7296,151769,-70.09811,44.12718,2016-10-01,1.299551,2016,10,952.922621141294
7297,151770,-70.09774,44.12718,2016-10-01,1.279096,2016,10,952.922621141294
7298,151771,-70.09736,44.12718,2016-10-01,1.112081,2016,10,952.922621141294
7299,151772,-70.09699,44.12718,2016-10-01,0.8529929,2016,10,501.53822165331263
7300,151773,-70.09661,44.12718,2016-10-01,0.6098962,2016,10,501.53822165331263
7301,151774,-70.09624,44.12718,2016-10-01,0.5461446,2016,10,501.53822165331263
7302,151775,-70.09586,44.12718,2016-10-01,0.5185954,2016,10,501.53822165331263
7303,151776,-70.09549,44.12718,2016-10-01,0.658856,2016,10,501.53822165331263
7304,151777,-70.09511,44.12718,2016-10-01,0.7394653,2016,10,501.53822165331263
7305,151778,-70.09474,44.12718,2016-10-01,0.910237,2016,10,501.53822165331263
7306,151779,-70.09436,44.12718,2016-10-01,0.9780622,2016,10,501.53822165331263
7307,151780,-70.09399,44.12718,2016-10-01,1.10298,2016,10,952.922621141294
7308,151781,-70.09361,44.12718,2016-10-01,1.137366,2016,10,952.922621141294
7309,151782,-70.09324,44.12718,2016-10-01,1.153537,2016,10,952.922621141294
7310,151783,-70.09286,44.12718,2016-10-01,1.101356,2016,10,952.922621141294
7311,151784,-70.09249,44.12718,2016-10-01,1.131294,2016,10,952.922621141294
7312,151785,-70.09211,44.12718,2016-10-01,1.1077,2016,10,952.922621141294
7313,151786,-70.09174,44.12718,2016-10-01,0.9662776,2016,10,501.53822165331263
7314,151787,-70.09136,44.12718,2016-10-01,0.4829863,2016,10,501.53822165331263
7315,151788,-70.09099,44.12718,2016-10-01,-0.2466016,2016,10,501.53822165331263
7316,151789,-70.09061,44.12718,2016-10-01,-1.556661,2016,10,50.15382216533126
7317,151790,-70.09024,44.12718,2016-10-01,-2.916812,2016,10,10.030764433066253
7318,151791,-70.08986,44.12718,2016-10-01,-4.31831,2016,10,10.030764433066253
7319,151792,-70.08949,44.12718,2016-10-01,-4.204163,2016,10,10.030764433066253
7320,151793,-70.08911,44.12718,2016-10-01,-4.067108,2016,10,10.030764433066253
7321,151794,-70.10711,44.12691,2016-10-01,-1.822304,2016,10,50.15382216533126
7322,151795,-70.10674,44.12691,2016-10-01,-2.268184,2016,10,10.030764433066253
7323,151796,-70.10636,44.12691,2016-10-01,-2.353406,2016,10,10.030764433066253
7324,151797,-70.10599,44.12691,2016-10-01,-2.088559,2016,10,10.030764433066253
7325,151798,-70.10561,44.12691,2016-10-01,-1.570296,2016,10,50.15382216533126
7326,151799,-70.10524,44.12691,2016-10-01,-0.9142681,2016,10,501.53822165331263
7327,151800,-70.10486,44.12691,2016-10-01,-0.4426372,2016,10,501.53822165331263
7328,151801,-70.10449,44.12691,2016-10-01,0.02872066,2016,10,501.53822165331263
7329,151802,-70.10411,44.12691,2016-10-01,0.1870657,2016,10,501.53822165331263
7330,151803,-70.10374,44.12691,2016-10-01,0.2212871,2016,10,501.53822165331263
7331,151804,-70.10336,44.12691,2016-10-01,0.1065077,2016,10,501.53822165331263
7332,151805,-70.10299,44.12691,2016-10-01,0.08788007,2016,10,501.53822165331263
7333,151806,-70.10261,44.12691,2016-10-01,0.2137987,2016,10,501.53822165331263
7334,151807,-70.10224,44.12691,2016-10-01,0.3688463,2016,10,501.53822165331263
7335,151808,-70.10186,44.12691,2016-10-01,0.4992116,2016,10,501.53822165331263
7336,151809,-70.10149,44.12691,2016-10-01,0.5921731,2016,10,501.53822165331263
7337,151810,-70.10111,44.12691,2016-10-01,0.7624596,2016,10,501.53822165331263
7338,151811,-70.10074,44.12691,2016-10-01,0.8255507,2016,10,501.53822165331263
7339,151812,-70.10036,44.12691,2016-10-01,0.8213746,2016,10,501.53822165331263
7340,151813,-70.09999,44.12691,2016-10-01,0.7846852,2016,10,501.53822165331263
7341,151814,-70.09961,44.12691,2016-10-01,0.8495296,2016,10,501.53822165331263
7342,151815,-70.09924,44.12691,2016-10-01,0.931276,2016,10,501.53822165331263
7343,151816,-70.09886,44.12691,2016-10-01,1.089224,2016,10,952.922621141294
7344,151817,-70.09849,44.12691,2016-10-01,1.189045,2016,10,952.922621141294
7345,151818,-70.09811,44.12691,2016-10-01,1.356719,2016,10,952.922621141294
7346,151819,-70.09774,44.12691,2016-10-01,1.363472,2016,10,952.922621141294
7347,151820,-70.09736,44.12691,2016-10-01,1.26722,2016,10,952.922621141294
7348,151821,-70.09699,44.12691,2016-10-01,1.028054,2016,10,952.922621141294
7349,151822,-70.09661,44.12691,2016-10-01,0.764233,2016,10,501.53822165331263
7350,151823,-70.09624,44.12691,2016-10-01,0.6749223,2016,10,501.53822165331263
7351,151824,-70.09586,44.12691,2016-10-01,0.6305359,2016,10,501.53822165331263
7352,151825,-70.09549,44.12691,2016-10-01,0.746299,2016,10,501.53822165331263
7353,151826,-70.09511,44.12691,2016-10-01,0.8386685,2016,10,501.53822165331263
7354,151827,-70.09474,44.12691,2016-10-01,0.9486762,2016,10,501.53822165331263
7355,151828,-70.09436,44.12691,2016-10-01,0.991438,2016,10,501.53822165331263
7356,151829,-70.09399,44.12691,2016-10-01,1.036055,2016,10,952.922621141294
7357,151830,-70.09361,44.12691,2016-10-01,1.034101,2016,10,952.922621141294
7358,151831,-70.09324,44.12691,2016-10-01,1.020744,2016,10,952.922621141294
7359,151832,-70.09286,44.12691,2016-10-01,1.021046,2016,10,952.922621141294
7360,151833,-70.09249,44.12691,2016-10-01,1.054426,2016,10,952.922621141294
7361,151834,-70.09211,44.12691,2016-10-01,1.028421,2016,10,952.922621141294
7362,151835,-70.09174,44.12691,2016-10-01,0.8522386,2016,10,501.53822165331263
7363,151836,-70.09136,44.12691,2016-10-01,0.3466153,2016,10,501.53822165331263
7364,151837,-70.09099,44.12691,2016-10-01,-0.402933,2016,10,501.53822165331263
7365,151838,-70.09061,44.12691,2016-10-01,-1.607236,2016,10,50.15382216533126
7366,151839,-70.09024,44.12691,2016-10-01,-2.971906,2016,10,10.030764433066253
7367,151840,-70.08986,44.12691,2016-10-01,-4.324619,2016,10,10.030764433066253
7368,151841,-70.08949,44.12691,2016-10-01,-4.484631,2016,10,10.030764433066253
7369,151842,-70.08911,44.12691,2016-10-01,-4.37021,2016,10,10.030764433066253
7370,151843,-70.10711,44.12664,2016-10-01,-1.552997,2016,10,50.15382216533126
7371,151844,-70.10674,44.12664,2016-10-01,-2.098423,2016,10,10.030764433066253
7372,151845,-70.10636,44.12664,2016-10-01,-2.424258,2016,10,10.030764433066253
7373,151846,-70.10599,44.12664,2016-10-01,-2.318195,2016,10,10.030764433066253
7374,151847,-70.10561,44.12664,2016-10-01,-1.788399,2016,10,50.15382216533126
7375,151848,-70.10524,44.12664,2016-10-01,-1.063798,2016,10,50.15382216533126
7376,151849,-70.10486,44.12664,2016-10-01,-0.4799345,2016,10,501.53822165331263
7377,151850,-70.10449,44.12664,2016-10-01,0.01927161,2016,10,501.53822165331263
7378,151851,-70.10411,44.12664,2016-10-01,0.2346519,2016,10,501.53822165331263
7379,151852,-70.10374,44.12664,2016-10-01,0.22282,2016,10,501.53822165331263
7380,151853,-70.10336,44.12664,2016-10-01,0.1290475,2016,10,501.53822165331263
7381,151854,-70.10299,44.12664,2016-10-01,0.04937233,2016,10,501.53822165331263
7382,151855,-70.10261,44.12664,2016-10-01,0.09894942,2016,10,501.53822165331263
7383,151856,-70.10224,44.12664,2016-10-01,0.2093033,2016,10,501.53822165331263
7384,151857,-70.10186,44.12664,2016-10-01,0.3101477,2016,10,501.53822165331263
7385,151858,-70.10149,44.12664,2016-10-01,0.4087482,2016,10,501.53822165331263
7386,151859,-70.10111,44.12664,2016-10-01,0.5234113,2016,10,501.53822165331263
7387,151860,-70.10074,44.12664,2016-10-01,0.5955137,2016,10,501.53822165331263
7388,151861,-70.10036,44.12664,2016-10-01,0.6168882,2016,10,501.53822165331263
7389,151862,-70.09999,44.12664,2016-10-01,0.6097668,2016,10,501.53822165331263
7390,151863,-70.09961,44.12664,2016-10-01,0.7025396,2016,10,501.53822165331263
7391,151864,-70.09924,44.12664,2016-10-01,0.82848,2016,10,501.53822165331263
7392,151865,-70.09886,44.12664,2016-10-01,1.01175,2016,10,952.922621141294
7393,151866,-70.09849,44.12664,2016-10-01,1.153252,2016,10,952.922621141294
7394,151867,-70.09811,44.12664,2016-10-01,1.33061,2016,10,952.922621141294
7395,151868,-70.09774,44.12664,2016-10-01,1.392165,2016,10,952.922621141294
7396,151869,-70.09736,44.12664,2016-10-01,1.402156,2016,10,952.922621141294
7397,151870,-70.09699,44.12664,2016-10-01,1.237975,2016,10,952.922621141294
7398,151871,-70.09661,44.12664,2016-10-01,0.9794041,2016,10,501.53822165331263
7399,151872,-70.09624,44.12664,2016-10-01,0.850353,2016,10,501.53822165331263
7400,151873,-70.09586,44.12664,2016-10-01,0.8131228,2016,10,501.53822165331263
7401,151874,-70.09549,44.12664,2016-10-01,0.9005048,2016,10,501.53822165331263
7402,151875,-70.09511,44.12664,2016-10-01,1.001772,2016,10,952.922621141294
7403,151876,-70.09474,44.12664,2016-10-01,1.037661,2016,10,952.922621141294
7404,151877,-70.09436,44.12664,2016-10-01,1.056218,2016,10,952.922621141294
7405,151878,-70.09399,44.12664,2016-10-01,0.9891722,2016,10,501.53822165331263
7406,151879,-70.09361,44.12664,2016-10-01,0.9387169,2016,10,501.53822165331263
7407,151880,-70.09324,44.12664,2016-10-01,0.8709788,2016,10,501.53822165331263
7408,151881,-70.09286,44.12664,2016-10-01,0.9317383,2016,10,501.53822165331263
7409,151882,-70.09249,44.12664,2016-10-01,1.006261,2016,10,952.922621141294
7410,151883,-70.09211,44.12664,2016-10-01,0.9779096,2016,10,501.53822165331263
7411,151884,-70.09174,44.12664,2016-10-01,0.7185048,2016,10,501.53822165331263
7412,151885,-70.09136,44.12664,2016-10-01,0.17561,2016,10,501.53822165331263
7413,151886,-70.09099,44.12664,2016-10-01,-0.7242587,2016,10,501.53822165331263
7414,151887,-70.09061,44.12664,2016-10-01,-1.862393,2016,10,50.15382216533126
7415,151888,-70.09024,44.12664,2016-10-01,-3.245413,2016,10,10.030764433066253
7416,151889,-70.08986,44.12664,2016-10-01,-4.453389,2016,10,10.030764433066253
7417,151890,-70.08949,44.12664,2016-10-01,-4.941673,2016,10,10.030764433066253
7418,151891,-70.08911,44.12664,2016-10-01,-4.503065,2016,10,10.030764433066253
7419,151892,-70.08874,44.12664,2016-10-01,-3.39105,2016,10,10.030764433066253
7420,151893,-70.10636,44.12637,2016-10-01,-1.729364,2016,10,50.15382216533126
7421,151894,-70.10599,44.12637,2016-10-01,-1.89814,2016,10,50.15382216533126
7422,151895,-70.10561,44.12637,2016-10-01,-1.693745,2016,10,50.15382216533126
7423,151896,-70.10524,44.12637,2016-10-01,-1.18339,2016,10,50.15382216533126
7424,151897,-70.10486,44.12637,2016-10-01,-0.588233,2016,10,501.53822165331263
7425,151898,-70.10449,44.12637,2016-10-01,-0.04120507,2016,10,501.53822165331263
7426,151899,-70.10411,44.12637,2016-10-01,0.2763167,2016,10,501.53822165331263
7427,151900,-70.10374,44.12637,2016-10-01,0.3084971,2016,10,501.53822165331263
7428,151901,-70.10336,44.12637,2016-10-01,0.1471612,2016,10,501.53822165331263
7429,151902,-70.10299,44.12637,2016-10-01,-0.0200312,2016,10,501.53822165331263
7430,151903,-70.10261,44.12637,2016-10-01,-0.01331565,2016,10,501.53822165331263
7431,151904,-70.10224,44.12637,2016-10-01,0.09812173,2016,10,501.53822165331263
7432,151905,-70.10186,44.12637,2016-10-01,0.2135697,2016,10,501.53822165331263
7433,151906,-70.10149,44.12637,2016-10-01,0.3225222,2016,10,501.53822165331263
7434,151907,-70.10111,44.12637,2016-10-01,0.4215344,2016,10,501.53822165331263
7435,151908,-70.10074,44.12637,2016-10-01,0.4914441,2016,10,501.53822165331263
7436,151909,-70.10036,44.12637,2016-10-01,0.487721,2016,10,501.53822165331263
7437,151910,-70.09999,44.12637,2016-10-01,0.4862618,2016,10,501.53822165331263
7438,151911,-70.09961,44.12637,2016-10-01,0.5954578,2016,10,501.53822165331263
7439,151912,-70.09924,44.12637,2016-10-01,0.7771349,2016,10,501.53822165331263
7440,151913,-70.09886,44.12637,2016-10-01,0.9468279,2016,10,501.53822165331263
7441,151914,-70.09849,44.12637,2016-10-01,1.08957,2016,10,952.922621141294
7442,151915,-70.09811,44.12637,2016-10-01,1.231121,2016,10,952.922621141294
7443,151916,-70.09774,44.12637,2016-10-01,1.390225,2016,10,952.922621141294
7444,151917,-70.09736,44.12637,2016-10-01,1.439955,2016,10,952.922621141294
7445,151918,-70.09699,44.12637,2016-10-01,1.347658,2016,10,952.922621141294
7446,151919,-70.09661,44.12637,2016-10-01,1.141565,2016,10,952.922621141294
7447,151920,-70.09624,44.12637,2016-10-01,1.016518,2016,10,952.922621141294
7448,151921,-70.09586,44.12637,2016-10-01,0.9774713,2016,10,501.53822165331263
7449,151922,-70.09549,44.12637,2016-10-01,1.074341,2016,10,952.922621141294
7450,151923,-70.09511,44.12637,2016-10-01,1.161008,2016,10,952.922621141294
7451,151924,-70.09474,44.12637,2016-10-01,1.165275,2016,10,952.922621141294
7452,151925,-70.09436,44.12637,2016-10-01,1.137884,2016,10,952.922621141294
7453,151926,-70.09399,44.12637,2016-10-01,0.974578,2016,10,501.53822165331263
7454,151927,-70.09361,44.12637,2016-10-01,0.8874995,2016,10,501.53822165331263
7455,151928,-70.09324,44.12637,2016-10-01,0.8116337,2016,10,501.53822165331263
7456,151929,-70.09286,44.12637,2016-10-01,0.864535,2016,10,501.53822165331263
7457,151930,-70.09249,44.12637,2016-10-01,0.9499665,2016,10,501.53822165331263
7458,151931,-70.09211,44.12637,2016-10-01,0.9211062,2016,10,501.53822165331263
7459,151932,-70.09174,44.12637,2016-10-01,0.625831,2016,10,501.53822165331263
7460,151933,-70.09136,44.12637,2016-10-01,0.05715394,2016,10,501.53822165331263
7461,151934,-70.09099,44.12637,2016-10-01,-0.9565923,2016,10,501.53822165331263
7462,151935,-70.09061,44.12637,2016-10-01,-2.059774,2016,10,10.030764433066253
7463,151936,-70.09024,44.12637,2016-10-01,-3.461154,2016,10,10.030764433066253
7464,151937,-70.08986,44.12637,2016-10-01,-4.627324,2016,10,10.030764433066253
7465,151938,-70.08949,44.12637,2016-10-01,-5.373299,2016,10,10.030764433066253
7466,151939,-70.08911,44.12637,2016-10-01,-4.19541,2016,10,10.030764433066253
7467,151940,-70.08874,44.12637,2016-10-01,-2.725255,2016,10,10.030764433066253
7468,151941,-70.08836,44.12637,2016-10-01,-2.482053,2016,10,10.030764433066253
7469,151942,-70.10561,44.1261,2016-10-01,-1.320012,2016,10,50.15382216533126
7470,151943,-70.10524,44.1261,2016-10-01,-1.07714,2016,10,50.15382216533126
7471,151944,-70.10486,44.1261,2016-10-01,-0.672841,2016,10,501.53822165331263
7472,151945,-70.10449,44.1261,2016-10-01,-0.1224875,2016,10,501.53822165331263
7473,151946,-70.10411,44.1261,2016-10-01,0.2761374,2016,10,501.53822165331263
7474,151947,-70.10374,44.1261,2016-10-01,0.3698277,2016,10,501.53822165331263
7475,151948,-70.10336,44.1261,2016-10-01,0.2875909,2016,10,501.53822165331263
7476,151949,-70.10299,44.1261,2016-10-01,0.146229,2016,10,501.53822165331263
7477,151950,-70.10261,44.1261,2016-10-01,0.04270284,2016,10,501.53822165331263
7478,151951,-70.10224,44.1261,2016-10-01,0.04955051,2016,10,501.53822165331263
7479,151952,-70.10186,44.1261,2016-10-01,0.1203853,2016,10,501.53822165331263
7480,151953,-70.10149,44.1261,2016-10-01,0.2194299,2016,10,501.53822165331263
7481,151954,-70.10111,44.1261,2016-10-01,0.3046228,2016,10,501.53822165331263
7482,151955,-70.10074,44.1261,2016-10-01,0.3708106,2016,10,501.53822165331263
7483,151956,-70.10036,44.1261,2016-10-01,0.3697622,2016,10,501.53822165331263
7484,151957,-70.09999,44.1261,2016-10-01,0.4060442,2016,10,501.53822165331263
7485,151958,-70.09961,44.1261,2016-10-01,0.4967725,2016,10,501.53822165331263
7486,151959,-70.09924,44.1261,2016-10-01,0.6573152,2016,10,501.53822165331263
7487,151960,-70.09886,44.1261,2016-10-01,0.7934282,2016,10,501.53822165331263
7488,151961,-70.09849,44.1261,2016-10-01,0.9693146,2016,10,501.53822165331263
7489,151962,-70.09811,44.1261,2016-10-01,1.112967,2016,10,952.922621141294
7490,151963,-70.09774,44.1261,2016-10-01,1.330499,2016,10,952.922621141294
7491,151964,-70.09736,44.1261,2016-10-01,1.418124,2016,10,952.922621141294
7492,151965,-70.09699,44.1261,2016-10-01,1.414107,2016,10,952.922621141294
7493,151966,-70.09661,44.1261,2016-10-01,1.269991,2016,10,952.922621141294
7494,151967,-70.09624,44.1261,2016-10-01,1.153608,2016,10,952.922621141294
7495,151968,-70.09586,44.1261,2016-10-01,1.083247,2016,10,952.922621141294
7496,151969,-70.09549,44.1261,2016-10-01,1.186606,2016,10,952.922621141294
7497,151970,-70.09511,44.1261,2016-10-01,1.293472,2016,10,952.922621141294
7498,151971,-70.09474,44.1261,2016-10-01,1.330581,2016,10,952.922621141294
7499,151972,-70.09436,44.1261,2016-10-01,1.29758,2016,10,952.922621141294
7500,151973,-70.09399,44.1261,2016-10-01,1.128911,2016,10,952.922621141294
7501,151974,-70.09361,44.1261,2016-10-01,1.000441,2016,10,952.922621141294
7502,151975,-70.09324,44.1261,2016-10-01,0.9040651,2016,10,501.53822165331263
7503,151976,-70.09286,44.1261,2016-10-01,0.8858221,2016,10,501.53822165331263
7504,151977,-70.09249,44.1261,2016-10-01,0.9030527,2016,10,501.53822165331263
7505,151978,-70.09211,44.1261,2016-10-01,0.8696034,2016,10,501.53822165331263
7506,151979,-70.09174,44.1261,2016-10-01,0.5501106,2016,10,501.53822165331263
7507,151980,-70.09136,44.1261,2016-10-01,0.02949056,2016,10,501.53822165331263
7508,151981,-70.09099,44.1261,2016-10-01,-0.9799904,2016,10,501.53822165331263
7509,151982,-70.09061,44.1261,2016-10-01,-2.16498,2016,10,10.030764433066253
7510,151983,-70.09024,44.1261,2016-10-01,-3.572223,2016,10,10.030764433066253
7511,151984,-70.08986,44.1261,2016-10-01,-4.769666,2016,10,10.030764433066253
7512,151985,-70.08949,44.1261,2016-10-01,-5.39123,2016,10,10.030764433066253
7513,151986,-70.08911,44.1261,2016-10-01,-3.567731,2016,10,10.030764433066253
7514,151987,-70.08874,44.1261,2016-10-01,-2.725415,2016,10,10.030764433066253
7515,151988,-70.08836,44.1261,2016-10-01,-2.59534,2016,10,10.030764433066253
7516,151989,-70.10524,44.12583,2016-10-01,-0.7983863,2016,10,501.53822165331263
7517,151990,-70.10486,44.12583,2016-10-01,-0.6086981,2016,10,501.53822165331263
7518,151991,-70.10449,44.12583,2016-10-01,-0.1230767,2016,10,501.53822165331263
7519,151992,-70.10411,44.12583,2016-10-01,0.2983284,2016,10,501.53822165331263
7520,151993,-70.10374,44.12583,2016-10-01,0.4007431,2016,10,501.53822165331263
7521,151994,-70.10336,44.12583,2016-10-01,0.3418637,2016,10,501.53822165331263
7522,151995,-70.10299,44.12583,2016-10-01,0.199716,2016,10,501.53822165331263
7523,151996,-70.10261,44.12583,2016-10-01,0.0663551,2016,10,501.53822165331263
7524,151997,-70.10224,44.12583,2016-10-01,0.07951815,2016,10,501.53822165331263
7525,151998,-70.10186,44.12583,2016-10-01,0.1061302,2016,10,501.53822165331263
7526,151999,-70.10149,44.12583,2016-10-01,0.1844368,2016,10,501.53822165331263
7527,152000,-70.10111,44.12583,2016-10-01,0.2547813,2016,10,501.53822165331263
7528,152001,-70.10074,44.12583,2016-10-01,0.2906932,2016,10,501.53822165331263
7529,152002,-70.10036,44.12583,2016-10-01,0.2992035,2016,10,501.53822165331263
7530,152003,-70.09999,44.12583,2016-10-01,0.3170088,2016,10,501.53822165331263
7531,152004,-70.09961,44.12583,2016-10-01,0.3852141,2016,10,501.53822165331263
7532,152005,-70.09924,44.12583,2016-10-01,0.4993271,2016,10,501.53822165331263
7533,152006,-70.09886,44.12583,2016-10-01,0.629599,2016,10,501.53822165331263
7534,152007,-70.09849,44.12583,2016-10-01,0.804176,2016,10,501.53822165331263
7535,152008,-70.09811,44.12583,2016-10-01,0.9796813,2016,10,501.53822165331263
7536,152009,-70.09774,44.12583,2016-10-01,1.217276,2016,10,952.922621141294
7537,152010,-70.09736,44.12583,2016-10-01,1.33321,2016,10,952.922621141294
7538,152011,-70.09699,44.12583,2016-10-01,1.37086,2016,10,952.922621141294
7539,152012,-70.09661,44.12583,2016-10-01,1.280975,2016,10,952.922621141294
7540,152013,-70.09624,44.12583,2016-10-01,1.186663,2016,10,952.922621141294
7541,152014,-70.09586,44.12583,2016-10-01,1.124849,2016,10,952.922621141294
7542,152015,-70.09549,44.12583,2016-10-01,1.196322,2016,10,952.922621141294
7543,152016,-70.09511,44.12583,2016-10-01,1.367319,2016,10,952.922621141294
7544,152017,-70.09474,44.12583,2016-10-01,1.516929,2016,10,952.922621141294
7545,152018,-70.09436,44.12583,2016-10-01,1.505073,2016,10,952.922621141294
7546,152019,-70.09399,44.12583,2016-10-01,1.362118,2016,10,952.922621141294
7547,152020,-70.09361,44.12583,2016-10-01,1.172206,2016,10,952.922621141294
7548,152021,-70.09324,44.12583,2016-10-01,1.00222,2016,10,952.922621141294
7549,152022,-70.09286,44.12583,2016-10-01,0.8882271,2016,10,501.53822165331263
7550,152023,-70.09249,44.12583,2016-10-01,0.8346986,2016,10,501.53822165331263
7551,152024,-70.09211,44.12583,2016-10-01,0.7942467,2016,10,501.53822165331263
7552,152025,-70.09174,44.12583,2016-10-01,0.4899636,2016,10,501.53822165331263
7553,152026,-70.09136,44.12583,2016-10-01,0.001191376,2016,10,501.53822165331263
7554,152027,-70.09099,44.12583,2016-10-01,-0.8925645,2016,10,501.53822165331263
7555,152028,-70.09061,44.12583,2016-10-01,-2.161317,2016,10,10.030764433066253
7556,152029,-70.09024,44.12583,2016-10-01,-3.553737,2016,10,10.030764433066253
7557,152030,-70.08986,44.12583,2016-10-01,-4.816199,2016,10,10.030764433066253
7558,152031,-70.08949,44.12583,2016-10-01,-5.127911,2016,10,10.030764433066253
7559,152032,-70.08911,44.12583,2016-10-01,-3.267499,2016,10,10.030764433066253
7560,152033,-70.08874,44.12583,2016-10-01,-2.897514,2016,10,10.030764433066253
7561,152034,-70.10524,44.12556,2016-10-01,-0.6509042,2016,10,501.53822165331263
7562,152035,-70.10486,44.12556,2016-10-01,-0.5166728,2016,10,501.53822165331263
7563,152036,-70.10449,44.12556,2016-10-01,-0.1146467,2016,10,501.53822165331263
7564,152037,-70.10411,44.12556,2016-10-01,0.2535735,2016,10,501.53822165331263
7565,152038,-70.10374,44.12556,2016-10-01,0.3348077,2016,10,501.53822165331263
7566,152039,-70.10336,44.12556,2016-10-01,0.3165272,2016,10,501.53822165331263
7567,152040,-70.10299,44.12556,2016-10-01,0.2099353,2016,10,501.53822165331263
7568,152041,-70.10261,44.12556,2016-10-01,0.09838129,2016,10,501.53822165331263
7569,152042,-70.10224,44.12556,2016-10-01,0.06463722,2016,10,501.53822165331263
7570,152043,-70.10186,44.12556,2016-10-01,0.07646282,2016,10,501.53822165331263
7571,152044,-70.10149,44.12556,2016-10-01,0.1342024,2016,10,501.53822165331263
7572,152045,-70.10111,44.12556,2016-10-01,0.197546,2016,10,501.53822165331263
7573,152046,-70.10074,44.12556,2016-10-01,0.2094335,2016,10,501.53822165331263
7574,152047,-70.10036,44.12556,2016-10-01,0.2231348,2016,10,501.53822165331263
7575,152048,-70.09999,44.12556,2016-10-01,0.2240278,2016,10,501.53822165331263
7576,152049,-70.09961,44.12556,2016-10-01,0.2960364,2016,10,501.53822165331263
7577,152050,-70.09924,44.12556,2016-10-01,0.3679938,2016,10,501.53822165331263
7578,152051,-70.09886,44.12556,2016-10-01,0.4868162,2016,10,501.53822165331263
7579,152052,-70.09849,44.12556,2016-10-01,0.6461123,2016,10,501.53822165331263
7580,152053,-70.09811,44.12556,2016-10-01,0.8569725,2016,10,501.53822165331263
7581,152054,-70.09774,44.12556,2016-10-01,1.096682,2016,10,952.922621141294
7582,152055,-70.09736,44.12556,2016-10-01,1.232083,2016,10,952.922621141294
7583,152056,-70.09699,44.12556,2016-10-01,1.313456,2016,10,952.922621141294
7584,152057,-70.09661,44.12556,2016-10-01,1.237985,2016,10,952.922621141294
7585,152058,-70.09624,44.12556,2016-10-01,1.117745,2016,10,952.922621141294
7586,152059,-70.09586,44.12556,2016-10-01,1.061892,2016,10,952.922621141294
7587,152060,-70.09549,44.12556,2016-10-01,1.126453,2016,10,952.922621141294
7588,152061,-70.09511,44.12556,2016-10-01,1.327168,2016,10,952.922621141294
7589,152062,-70.09474,44.12556,2016-10-01,1.581387,2016,10,952.922621141294
7590,152063,-70.09436,44.12556,2016-10-01,1.628233,2016,10,952.922621141294
7591,152064,-70.09399,44.12556,2016-10-01,1.519453,2016,10,952.922621141294
7592,152065,-70.09361,44.12556,2016-10-01,1.316468,2016,10,952.922621141294
7593,152066,-70.09324,44.12556,2016-10-01,1.068889,2016,10,952.922621141294
7594,152067,-70.09286,44.12556,2016-10-01,0.8750633,2016,10,501.53822165331263
7595,152068,-70.09249,44.12556,2016-10-01,0.745848,2016,10,501.53822165331263
7596,152069,-70.09211,44.12556,2016-10-01,0.6633139,2016,10,501.53822165331263
7597,152070,-70.09174,44.12556,2016-10-01,0.3925162,2016,10,501.53822165331263
7598,152071,-70.09136,44.12556,2016-10-01,-0.1223592,2016,10,501.53822165331263
7599,152072,-70.09099,44.12556,2016-10-01,-0.9103019,2016,10,501.53822165331263
7600,152073,-70.09061,44.12556,2016-10-01,-2.202809,2016,10,10.030764433066253
7601,152074,-70.09024,44.12556,2016-10-01,-3.592456,2016,10,10.030764433066253
7602,152075,-70.08986,44.12556,2016-10-01,-4.884856,2016,10,10.030764433066253
7603,152076,-70.08949,44.12556,2016-10-01,-4.854441,2016,10,10.030764433066253
7604,152077,-70.08911,44.12556,2016-10-01,-4.691892,2016,10,10.030764433066253
7605,152078,-70.10524,44.12529,2016-10-01,-0.8891769,2016,10,501.53822165331263
7606,152079,-70.10486,44.12529,2016-10-01,-0.4488663,2016,10,501.53822165331263
7607,152080,-70.10449,44.12529,2016-10-01,-0.01588213,2016,10,501.53822165331263
7608,152081,-70.10411,44.12529,2016-10-01,0.2383636,2016,10,501.53822165331263
7609,152082,-70.10374,44.12529,2016-10-01,0.2459771,2016,10,501.53822165331263
7610,152083,-70.10336,44.12529,2016-10-01,0.2268109,2016,10,501.53822165331263
7611,152084,-70.10299,44.12529,2016-10-01,0.1312923,2016,10,501.53822165331263
7612,152085,-70.10261,44.12529,2016-10-01,0.06670008,2016,10,501.53822165331263
7613,152086,-70.10224,44.12529,2016-10-01,0.03100791,2016,10,501.53822165331263
7614,152087,-70.10186,44.12529,2016-10-01,0.06420167,2016,10,501.53822165331263
7615,152088,-70.10149,44.12529,2016-10-01,0.09626045,2016,10,501.53822165331263
7616,152089,-70.10111,44.12529,2016-10-01,0.1329164,2016,10,501.53822165331263
7617,152090,-70.10074,44.12529,2016-10-01,0.1536777,2016,10,501.53822165331263
7618,152091,-70.10036,44.12529,2016-10-01,0.188255,2016,10,501.53822165331263
7619,152092,-70.09999,44.12529,2016-10-01,0.2006848,2016,10,501.53822165331263
7620,152093,-70.09961,44.12529,2016-10-01,0.2601265,2016,10,501.53822165331263
7621,152094,-70.09924,44.12529,2016-10-01,0.3131442,2016,10,501.53822165331263
7622,152095,-70.09886,44.12529,2016-10-01,0.4122708,2016,10,501.53822165331263
7623,152096,-70.09849,44.12529,2016-10-01,0.5183931,2016,10,501.53822165331263
7624,152097,-70.09811,44.12529,2016-10-01,0.7116275,2016,10,501.53822165331263
7625,152098,-70.09774,44.12529,2016-10-01,0.9776099,2016,10,501.53822165331263
7626,152099,-70.09736,44.12529,2016-10-01,1.133877,2016,10,952.922621141294
7627,152100,-70.09699,44.12529,2016-10-01,1.221448,2016,10,952.922621141294
7628,152101,-70.09661,44.12529,2016-10-01,1.161369,2016,10,952.922621141294
7629,152102,-70.09624,44.12529,2016-10-01,1.099696,2016,10,952.922621141294
7630,152103,-70.09586,44.12529,2016-10-01,1.006189,2016,10,952.922621141294
7631,152104,-70.09549,44.12529,2016-10-01,1.045311,2016,10,952.922621141294
7632,152105,-70.09511,44.12529,2016-10-01,1.222318,2016,10,952.922621141294
7633,152106,-70.09474,44.12529,2016-10-01,1.50071,2016,10,952.922621141294
7634,152107,-70.09436,44.12529,2016-10-01,1.636629,2016,10,952.922621141294
7635,152108,-70.09399,44.12529,2016-10-01,1.539064,2016,10,952.922621141294
7636,152109,-70.09361,44.12529,2016-10-01,1.35162,2016,10,952.922621141294
7637,152110,-70.09324,44.12529,2016-10-01,1.025497,2016,10,952.922621141294
7638,152111,-70.09286,44.12529,2016-10-01,0.784038,2016,10,501.53822165331263
7639,152112,-70.09249,44.12529,2016-10-01,0.5775101,2016,10,501.53822165331263
7640,152113,-70.09211,44.12529,2016-10-01,0.4811518,2016,10,501.53822165331263
7641,152114,-70.09174,44.12529,2016-10-01,0.2526428,2016,10,501.53822165331263
7642,152115,-70.09136,44.12529,2016-10-01,-0.2358508,2016,10,501.53822165331263
7643,152116,-70.09099,44.12529,2016-10-01,-0.9821977,2016,10,501.53822165331263
7644,152117,-70.09061,44.12529,2016-10-01,-2.272616,2016,10,10.030764433066253
7645,152118,-70.09024,44.12529,2016-10-01,-3.653848,2016,10,10.030764433066253
7646,152119,-70.08986,44.12529,2016-10-01,-4.912462,2016,10,10.030764433066253
7647,152120,-70.08949,44.12529,2016-10-01,-4.752915,2016,10,10.030764433066253
7648,152121,-70.08911,44.12529,2016-10-01,-4.476791,2016,10,10.030764433066253
7649,152122,-70.10599,44.12502,2016-10-01,-2.366971,2016,10,10.030764433066253
7650,152123,-70.10561,44.12502,2016-10-01,-1.548354,2016,10,50.15382216533126
7651,152124,-70.10524,44.12502,2016-10-01,-0.9731225,2016,10,501.53822165331263
7652,152125,-70.10486,44.12502,2016-10-01,-0.4247594,2016,10,501.53822165331263
7653,152126,-70.10449,44.12502,2016-10-01,0.09125554,2016,10,501.53822165331263
7654,152127,-70.10411,44.12502,2016-10-01,0.3101087,2016,10,501.53822165331263
7655,152128,-70.10374,44.12502,2016-10-01,0.2804418,2016,10,501.53822165331263
7656,152129,-70.10336,44.12502,2016-10-01,0.1937429,2016,10,501.53822165331263
7657,152130,-70.10299,44.12502,2016-10-01,0.1168441,2016,10,501.53822165331263
7658,152131,-70.10261,44.12502,2016-10-01,0.08237484,2016,10,501.53822165331263
7659,152132,-70.10224,44.12502,2016-10-01,0.05628346,2016,10,501.53822165331263
7660,152133,-70.10186,44.12502,2016-10-01,0.09794393,2016,10,501.53822165331263
7661,152134,-70.10149,44.12502,2016-10-01,0.09539184,2016,10,501.53822165331263
7662,152135,-70.10111,44.12502,2016-10-01,0.09429462,2016,10,501.53822165331263
7663,152136,-70.10074,44.12502,2016-10-01,0.1460302,2016,10,501.53822165331263
7664,152137,-70.10036,44.12502,2016-10-01,0.1903675,2016,10,501.53822165331263
7665,152138,-70.09999,44.12502,2016-10-01,0.241948,2016,10,501.53822165331263
7666,152139,-70.09961,44.12502,2016-10-01,0.31956,2016,10,501.53822165331263
7667,152140,-70.09924,44.12502,2016-10-01,0.3648779,2016,10,501.53822165331263
7668,152141,-70.09886,44.12502,2016-10-01,0.4492573,2016,10,501.53822165331263
7669,152142,-70.09849,44.12502,2016-10-01,0.5147087,2016,10,501.53822165331263
7670,152143,-70.09811,44.12502,2016-10-01,0.6513499,2016,10,501.53822165331263
7671,152144,-70.09774,44.12502,2016-10-01,0.8827837,2016,10,501.53822165331263
7672,152145,-70.09736,44.12502,2016-10-01,1.027137,2016,10,952.922621141294
7673,152146,-70.09699,44.12502,2016-10-01,1.148239,2016,10,952.922621141294
7674,152147,-70.09661,44.12502,2016-10-01,1.06339,2016,10,952.922621141294
7675,152148,-70.09624,44.12502,2016-10-01,1.003188,2016,10,952.922621141294
7676,152149,-70.09586,44.12502,2016-10-01,0.9102972,2016,10,501.53822165331263
7677,152150,-70.09549,44.12502,2016-10-01,0.9783465,2016,10,501.53822165331263
7678,152151,-70.09511,44.12502,2016-10-01,1.172449,2016,10,952.922621141294
7679,152152,-70.09474,44.12502,2016-10-01,1.396105,2016,10,952.922621141294
7680,152153,-70.09436,44.12502,2016-10-01,1.53974,2016,10,952.922621141294
7681,152154,-70.09399,44.12502,2016-10-01,1.449318,2016,10,952.922621141294
7682,152155,-70.09361,44.12502,2016-10-01,1.253619,2016,10,952.922621141294
7683,152156,-70.09324,44.12502,2016-10-01,0.8667739,2016,10,501.53822165331263
7684,152157,-70.09286,44.12502,2016-10-01,0.5526724,2016,10,501.53822165331263
7685,152158,-70.09249,44.12502,2016-10-01,0.2962109,2016,10,501.53822165331263
7686,152159,-70.09211,44.12502,2016-10-01,0.2260599,2016,10,501.53822165331263
7687,152160,-70.09174,44.12502,2016-10-01,0.09005078,2016,10,501.53822165331263
7688,152161,-70.09136,44.12502,2016-10-01,-0.2647667,2016,10,501.53822165331263
7689,152162,-70.09099,44.12502,2016-10-01,-0.9535701,2016,10,501.53822165331263
7690,152163,-70.09061,44.12502,2016-10-01,-2.201687,2016,10,10.030764433066253
7691,152164,-70.09024,44.12502,2016-10-01,-3.592999,2016,10,10.030764433066253
7692,152165,-70.08986,44.12502,2016-10-01,-4.849786,2016,10,10.030764433066253
7693,152166,-70.08949,44.12502,2016-10-01,-4.748,2016,10,10.030764433066253
7694,152167,-70.08911,44.12502,2016-10-01,-4.478277,2016,10,10.030764433066253
7695,152168,-70.10636,44.12475,2016-10-01,-2.790881,2016,10,10.030764433066253
7696,152169,-70.10599,44.12475,2016-10-01,-2.384054,2016,10,10.030764433066253
7697,152170,-70.10561,44.12475,2016-10-01,-1.851454,2016,10,50.15382216533126
7698,152171,-70.10524,44.12475,2016-10-01,-1.200714,2016,10,50.15382216533126
7699,152172,-70.10486,44.12475,2016-10-01,-0.4550485,2016,10,501.53822165331263
7700,152173,-70.10449,44.12475,2016-10-01,0.1070486,2016,10,501.53822165331263
7701,152174,-70.10411,44.12475,2016-10-01,0.324449,2016,10,501.53822165331263
7702,152175,-70.10374,44.12475,2016-10-01,0.40151,2016,10,501.53822165331263
7703,152176,-70.10336,44.12475,2016-10-01,0.3166963,2016,10,501.53822165331263
7704,152177,-70.10299,44.12475,2016-10-01,0.2116562,2016,10,501.53822165331263
7705,152178,-70.10261,44.12475,2016-10-01,0.1086445,2016,10,501.53822165331263
7706,152179,-70.10224,44.12475,2016-10-01,0.0534587,2016,10,501.53822165331263
7707,152180,-70.10186,44.12475,2016-10-01,0.1024281,2016,10,501.53822165331263
7708,152181,-70.10149,44.12475,2016-10-01,0.1012498,2016,10,501.53822165331263
7709,152182,-70.10111,44.12475,2016-10-01,0.1062685,2016,10,501.53822165331263
7710,152183,-70.10074,44.12475,2016-10-01,0.176809,2016,10,501.53822165331263
7711,152184,-70.10036,44.12475,2016-10-01,0.2726463,2016,10,501.53822165331263
7712,152185,-70.09999,44.12475,2016-10-01,0.3462778,2016,10,501.53822165331263
7713,152186,-70.09961,44.12475,2016-10-01,0.3961448,2016,10,501.53822165331263
7714,152187,-70.09924,44.12475,2016-10-01,0.4417158,2016,10,501.53822165331263
7715,152188,-70.09886,44.12475,2016-10-01,0.5102947,2016,10,501.53822165331263
7716,152189,-70.09849,44.12475,2016-10-01,0.5392723,2016,10,501.53822165331263
7717,152190,-70.09811,44.12475,2016-10-01,0.5993821,2016,10,501.53822165331263
7718,152191,-70.09774,44.12475,2016-10-01,0.7532604,2016,10,501.53822165331263
7719,152192,-70.09736,44.12475,2016-10-01,0.894901,2016,10,501.53822165331263
7720,152193,-70.09699,44.12475,2016-10-01,1.026052,2016,10,952.922621141294
7721,152194,-70.09661,44.12475,2016-10-01,0.9606769,2016,10,501.53822165331263
7722,152195,-70.09624,44.12475,2016-10-01,0.9138497,2016,10,501.53822165331263
7723,152196,-70.09586,44.12475,2016-10-01,0.8731853,2016,10,501.53822165331263
7724,152197,-70.09549,44.12475,2016-10-01,0.9320315,2016,10,501.53822165331263
7725,152198,-70.09511,44.12475,2016-10-01,1.130319,2016,10,952.922621141294
7726,152199,-70.09474,44.12475,2016-10-01,1.341304,2016,10,952.922621141294
7727,152200,-70.09436,44.12475,2016-10-01,1.465749,2016,10,952.922621141294
7728,152201,-70.09399,44.12475,2016-10-01,1.381317,2016,10,952.922621141294
7729,152202,-70.09361,44.12475,2016-10-01,1.130904,2016,10,952.922621141294
7730,152203,-70.09324,44.12475,2016-10-01,0.7409797,2016,10,501.53822165331263
7731,152204,-70.09286,44.12475,2016-10-01,0.3166033,2016,10,501.53822165331263
7732,152205,-70.09249,44.12475,2016-10-01,0.02060702,2016,10,501.53822165331263
7733,152206,-70.09211,44.12475,2016-10-01,-0.0402182,2016,10,501.53822165331263
7734,152207,-70.09174,44.12475,2016-10-01,-0.04099184,2016,10,501.53822165331263
7735,152208,-70.09136,44.12475,2016-10-01,-0.2197818,2016,10,501.53822165331263
7736,152209,-70.09099,44.12475,2016-10-01,-0.8229589,2016,10,501.53822165331263
7737,152210,-70.09061,44.12475,2016-10-01,-1.987913,2016,10,10.030764433066253
7738,152211,-70.09024,44.12475,2016-10-01,-3.390965,2016,10,10.030764433066253
7739,152212,-70.08986,44.12475,2016-10-01,-4.707188,2016,10,10.030764433066253
7740,152213,-70.08949,44.12475,2016-10-01,-4.666694,2016,10,10.030764433066253
7741,152214,-70.08911,44.12475,2016-10-01,-4.407957,2016,10,10.030764433066253
7742,152215,-70.10674,44.12448,2016-10-01,-3.664454,2016,10,10.030764433066253
7743,152216,-70.10636,44.12448,2016-10-01,-3.304938,2016,10,10.030764433066253
7744,152217,-70.10599,44.12448,2016-10-01,-2.785767,2016,10,10.030764433066253
7745,152218,-70.10561,44.12448,2016-10-01,-1.921507,2016,10,50.15382216533126
7746,152219,-70.10524,44.12448,2016-10-01,-1.105869,2016,10,50.15382216533126
7747,152220,-70.10486,44.12448,2016-10-01,-0.4488772,2016,10,501.53822165331263
7748,152221,-70.10449,44.12448,2016-10-01,0.05296767,2016,10,501.53822165331263
7749,152222,-70.10411,44.12448,2016-10-01,0.3604361,2016,10,501.53822165331263
7750,152223,-70.10374,44.12448,2016-10-01,0.5348973,2016,10,501.53822165331263
7751,152224,-70.10336,44.12448,2016-10-01,0.4712347,2016,10,501.53822165331263
7752,152225,-70.10299,44.12448,2016-10-01,0.3620382,2016,10,501.53822165331263
7753,152226,-70.10261,44.12448,2016-10-01,0.2392514,2016,10,501.53822165331263
7754,152227,-70.10224,44.12448,2016-10-01,0.1560834,2016,10,501.53822165331263
7755,152228,-70.10186,44.12448,2016-10-01,0.1257368,2016,10,501.53822165331263
7756,152229,-70.10149,44.12448,2016-10-01,0.09610283,2016,10,501.53822165331263
7757,152230,-70.10111,44.12448,2016-10-01,0.1324807,2016,10,501.53822165331263
7758,152231,-70.10074,44.12448,2016-10-01,0.2265874,2016,10,501.53822165331263
7759,152232,-70.10036,44.12448,2016-10-01,0.3333395,2016,10,501.53822165331263
7760,152233,-70.09999,44.12448,2016-10-01,0.385834,2016,10,501.53822165331263
7761,152234,-70.09961,44.12448,2016-10-01,0.4132735,2016,10,501.53822165331263
7762,152235,-70.09924,44.12448,2016-10-01,0.5097208,2016,10,501.53822165331263
7763,152236,-70.09886,44.12448,2016-10-01,0.5929117,2016,10,501.53822165331263
7764,152237,-70.09849,44.12448,2016-10-01,0.6284666,2016,10,501.53822165331263
7765,152238,-70.09811,44.12448,2016-10-01,0.6413253,2016,10,501.53822165331263
7766,152239,-70.09774,44.12448,2016-10-01,0.7282641,2016,10,501.53822165331263
7767,152240,-70.09736,44.12448,2016-10-01,0.8387453,2016,10,501.53822165331263
7768,152241,-70.09699,44.12448,2016-10-01,0.9043852,2016,10,501.53822165331263
7769,152242,-70.09661,44.12448,2016-10-01,0.8878375,2016,10,501.53822165331263
7770,152243,-70.09624,44.12448,2016-10-01,0.8456837,2016,10,501.53822165331263
7771,152244,-70.09586,44.12448,2016-10-01,0.8209057,2016,10,501.53822165331263
7772,152245,-70.09549,44.12448,2016-10-01,0.87578,2016,10,501.53822165331263
7773,152246,-70.09511,44.12448,2016-10-01,1.058541,2016,10,952.922621141294
7774,152247,-70.09474,44.12448,2016-10-01,1.303521,2016,10,952.922621141294
7775,152248,-70.09436,44.12448,2016-10-01,1.416621,2016,10,952.922621141294
7776,152249,-70.09399,44.12448,2016-10-01,1.302074,2016,10,952.922621141294
7777,152250,-70.09361,44.12448,2016-10-01,0.9697822,2016,10,501.53822165331263
7778,152251,-70.09324,44.12448,2016-10-01,0.5610333,2016,10,501.53822165331263
7779,152252,-70.09286,44.12448,2016-10-01,0.06456496,2016,10,501.53822165331263
7780,152253,-70.09249,44.12448,2016-10-01,-0.2728971,2016,10,501.53822165331263
7781,152254,-70.09211,44.12448,2016-10-01,-0.3780764,2016,10,501.53822165331263
7782,152255,-70.09174,44.12448,2016-10-01,-0.2822225,2016,10,501.53822165331263
7783,152256,-70.09136,44.12448,2016-10-01,-0.2832114,2016,10,501.53822165331263
7784,152257,-70.09099,44.12448,2016-10-01,-0.746543,2016,10,501.53822165331263
7785,152258,-70.09061,44.12448,2016-10-01,-1.81865,2016,10,50.15382216533126
7786,152259,-70.09024,44.12448,2016-10-01,-3.232426,2016,10,10.030764433066253
7787,152260,-70.08986,44.12448,2016-10-01,-4.450535,2016,10,10.030764433066253
7788,152261,-70.08949,44.12448,2016-10-01,-4.328924,2016,10,10.030764433066253
7789,152262,-70.08911,44.12448,2016-10-01,-4.06789,2016,10,10.030764433066253
7790,152263,-70.10711,44.12421,2016-10-01,-4.035269,2016,10,10.030764433066253
7791,152264,-70.10674,44.12421,2016-10-01,-4.114084,2016,10,10.030764433066253
7792,152265,-70.10636,44.12421,2016-10-01,-3.716083,2016,10,10.030764433066253
7793,152266,-70.10599,44.12421,2016-10-01,-2.75606,2016,10,10.030764433066253
7794,152267,-70.10561,44.12421,2016-10-01,-1.761795,2016,10,50.15382216533126
7795,152268,-70.10524,44.12421,2016-10-01,-1.050456,2016,10,50.15382216533126
7796,152269,-70.10486,44.12421,2016-10-01,-0.5099642,2016,10,501.53822165331263
7797,152270,-70.10449,44.12421,2016-10-01,-0.06267363,2016,10,501.53822165331263
7798,152271,-70.10411,44.12421,2016-10-01,0.287745,2016,10,501.53822165331263
7799,152272,-70.10374,44.12421,2016-10-01,0.5336979,2016,10,501.53822165331263
7800,152273,-70.10336,44.12421,2016-10-01,0.562249,2016,10,501.53822165331263
7801,152274,-70.10299,44.12421,2016-10-01,0.4533783,2016,10,501.53822165331263
7802,152275,-70.10261,44.12421,2016-10-01,0.2505318,2016,10,501.53822165331263
7803,152276,-70.10224,44.12421,2016-10-01,0.1175498,2016,10,501.53822165331263
7804,152277,-70.10186,44.12421,2016-10-01,0.04474888,2016,10,501.53822165331263
7805,152278,-70.10149,44.12421,2016-10-01,0.04222636,2016,10,501.53822165331263
7806,152279,-70.10111,44.12421,2016-10-01,0.1351229,2016,10,501.53822165331263
7807,152280,-70.10074,44.12421,2016-10-01,0.2528824,2016,10,501.53822165331263
7808,152281,-70.10036,44.12421,2016-10-01,0.3530474,2016,10,501.53822165331263
7809,152282,-70.09999,44.12421,2016-10-01,0.4193361,2016,10,501.53822165331263
7810,152283,-70.09961,44.12421,2016-10-01,0.4186638,2016,10,501.53822165331263
7811,152284,-70.09924,44.12421,2016-10-01,0.4899402,2016,10,501.53822165331263
7812,152285,-70.09886,44.12421,2016-10-01,0.549643,2016,10,501.53822165331263
7813,152286,-70.09849,44.12421,2016-10-01,0.6296297,2016,10,501.53822165331263
7814,152287,-70.09811,44.12421,2016-10-01,0.6403872,2016,10,501.53822165331263
7815,152288,-70.09774,44.12421,2016-10-01,0.7083751,2016,10,501.53822165331263
7816,152289,-70.09736,44.12421,2016-10-01,0.7531142,2016,10,501.53822165331263
7817,152290,-70.09699,44.12421,2016-10-01,0.8005957,2016,10,501.53822165331263
7818,152291,-70.09661,44.12421,2016-10-01,0.8098982,2016,10,501.53822165331263
7819,152292,-70.09624,44.12421,2016-10-01,0.7917466,2016,10,501.53822165331263
7820,152293,-70.09586,44.12421,2016-10-01,0.8182428,2016,10,501.53822165331263
7821,152294,-70.09549,44.12421,2016-10-01,0.864308,2016,10,501.53822165331263
7822,152295,-70.09511,44.12421,2016-10-01,0.9908637,2016,10,501.53822165331263
7823,152296,-70.09474,44.12421,2016-10-01,1.216602,2016,10,952.922621141294
7824,152297,-70.09436,44.12421,2016-10-01,1.307258,2016,10,952.922621141294
7825,152298,-70.09399,44.12421,2016-10-01,1.177081,2016,10,952.922621141294
7826,152299,-70.09361,44.12421,2016-10-01,0.7967806,2016,10,501.53822165331263
7827,152300,-70.09324,44.12421,2016-10-01,0.3200669,2016,10,501.53822165331263
7828,152301,-70.09286,44.12421,2016-10-01,-0.1939685,2016,10,501.53822165331263
7829,152302,-70.09249,44.12421,2016-10-01,-0.556134,2016,10,501.53822165331263
7830,152303,-70.09211,44.12421,2016-10-01,-0.6997194,2016,10,501.53822165331263
7831,152304,-70.09174,44.12421,2016-10-01,-0.6067599,2016,10,501.53822165331263
7832,152305,-70.09136,44.12421,2016-10-01,-0.5526706,2016,10,501.53822165331263
7833,152306,-70.09099,44.12421,2016-10-01,-0.9473812,2016,10,501.53822165331263
7834,152307,-70.09061,44.12421,2016-10-01,-1.928599,2016,10,50.15382216533126
7835,152308,-70.09024,44.12421,2016-10-01,-3.260097,2016,10,10.030764433066253
7836,152309,-70.08986,44.12421,2016-10-01,-4.123004,2016,10,10.030764433066253
7837,152310,-70.08949,44.12421,2016-10-01,-4.023866,2016,10,10.030764433066253
7838,152311,-70.10749,44.12394,2016-10-01,-3.971435,2016,10,10.030764433066253
7839,152312,-70.10711,44.12394,2016-10-01,-4.437537,2016,10,10.030764433066253
7840,152313,-70.10674,44.12394,2016-10-01,-4.497574,2016,10,10.030764433066253
7841,152314,-70.10636,44.12394,2016-10-01,-3.659779,2016,10,10.030764433066253
7842,152315,-70.10599,44.12394,2016-10-01,-2.636921,2016,10,10.030764433066253
7843,152316,-70.10561,44.12394,2016-10-01,-1.732022,2016,10,50.15382216533126
7844,152317,-70.10524,44.12394,2016-10-01,-1.06799,2016,10,50.15382216533126
7845,152318,-70.10486,44.12394,2016-10-01,-0.5506689,2016,10,501.53822165331263
7846,152319,-70.10449,44.12394,2016-10-01,-0.1584786,2016,10,501.53822165331263
7847,152320,-70.10411,44.12394,2016-10-01,0.1748657,2016,10,501.53822165331263
7848,152321,-70.10374,44.12394,2016-10-01,0.474919,2016,10,501.53822165331263
7849,152322,-70.10336,44.12394,2016-10-01,0.5637018,2016,10,501.53822165331263
7850,152323,-70.10299,44.12394,2016-10-01,0.4531211,2016,10,501.53822165331263
7851,152324,-70.10261,44.12394,2016-10-01,0.2659397,2016,10,501.53822165331263
7852,152325,-70.10224,44.12394,2016-10-01,0.1008395,2016,10,501.53822165331263
7853,152326,-70.10186,44.12394,2016-10-01,0.001785775,2016,10,501.53822165331263
7854,152327,-70.10149,44.12394,2016-10-01,0.01980211,2016,10,501.53822165331263
7855,152328,-70.10111,44.12394,2016-10-01,0.09409679,2016,10,501.53822165331263
7856,152329,-70.10074,44.12394,2016-10-01,0.2122612,2016,10,501.53822165331263
7857,152330,-70.10036,44.12394,2016-10-01,0.3128144,2016,10,501.53822165331263
7858,152331,-70.09999,44.12394,2016-10-01,0.3949495,2016,10,501.53822165331263
7859,152332,-70.09961,44.12394,2016-10-01,0.4217247,2016,10,501.53822165331263
7860,152333,-70.09924,44.12394,2016-10-01,0.5097904,2016,10,501.53822165331263
7861,152334,-70.09886,44.12394,2016-10-01,0.5516665,2016,10,501.53822165331263
7862,152335,-70.09849,44.12394,2016-10-01,0.6141887,2016,10,501.53822165331263
7863,152336,-70.09811,44.12394,2016-10-01,0.6266697,2016,10,501.53822165331263
7864,152337,-70.09774,44.12394,2016-10-01,0.7089139,2016,10,501.53822165331263
7865,152338,-70.09736,44.12394,2016-10-01,0.7352077,2016,10,501.53822165331263
7866,152339,-70.09699,44.12394,2016-10-01,0.7778073,2016,10,501.53822165331263
7867,152340,-70.09661,44.12394,2016-10-01,0.7861067,2016,10,501.53822165331263
7868,152341,-70.09624,44.12394,2016-10-01,0.7890552,2016,10,501.53822165331263
7869,152342,-70.09586,44.12394,2016-10-01,0.8188916,2016,10,501.53822165331263
7870,152343,-70.09549,44.12394,2016-10-01,0.8129677,2016,10,501.53822165331263
7871,152344,-70.09511,44.12394,2016-10-01,0.890704,2016,10,501.53822165331263
7872,152345,-70.09474,44.12394,2016-10-01,1.044108,2016,10,952.922621141294
7873,152346,-70.09436,44.12394,2016-10-01,1.099601,2016,10,952.922621141294
7874,152347,-70.09399,44.12394,2016-10-01,0.9477096,2016,10,501.53822165331263
7875,152348,-70.09361,44.12394,2016-10-01,0.5693549,2016,10,501.53822165331263
7876,152349,-70.09324,44.12394,2016-10-01,0.05768462,2016,10,501.53822165331263
7877,152350,-70.09286,44.12394,2016-10-01,-0.4198781,2016,10,501.53822165331263
7878,152351,-70.09249,44.12394,2016-10-01,-0.7924603,2016,10,501.53822165331263
7879,152352,-70.09211,44.12394,2016-10-01,-0.9598892,2016,10,501.53822165331263
7880,152353,-70.09174,44.12394,2016-10-01,-0.9789689,2016,10,501.53822165331263
7881,152354,-70.09136,44.12394,2016-10-01,-1.0636,2016,10,50.15382216533126
7882,152355,-70.09099,44.12394,2016-10-01,-1.51724,2016,10,50.15382216533126
7883,152356,-70.09061,44.12394,2016-10-01,-2.414072,2016,10,10.030764433066253
7884,152357,-70.09024,44.12394,2016-10-01,-3.520917,2016,10,10.030764433066253
7885,152358,-70.08986,44.12394,2016-10-01,-3.877061,2016,10,10.030764433066253
7886,152359,-70.08949,44.12394,2016-10-01,-3.843016,2016,10,10.030764433066253
7887,152360,-70.10749,44.12367,2016-10-01,-4.087417,2016,10,10.030764433066253
7888,152361,-70.10711,44.12367,2016-10-01,-4.529349,2016,10,10.030764433066253
7889,152362,-70.10674,44.12367,2016-10-01,-4.358738,2016,10,10.030764433066253
7890,152363,-70.10636,44.12367,2016-10-01,-3.473986,2016,10,10.030764433066253
7891,152364,-70.10599,44.12367,2016-10-01,-2.570327,2016,10,10.030764433066253
7892,152365,-70.10561,44.12367,2016-10-01,-1.676839,2016,10,50.15382216533126
7893,152366,-70.10524,44.12367,2016-10-01,-0.9532952,2016,10,501.53822165331263
7894,152367,-70.10486,44.12367,2016-10-01,-0.490672,2016,10,501.53822165331263
7895,152368,-70.10449,44.12367,2016-10-01,-0.1892509,2016,10,501.53822165331263
7896,152369,-70.10411,44.12367,2016-10-01,0.05292406,2016,10,501.53822165331263
7897,152370,-70.10374,44.12367,2016-10-01,0.2830082,2016,10,501.53822165331263
7898,152371,-70.10336,44.12367,2016-10-01,0.4525615,2016,10,501.53822165331263
7899,152372,-70.10299,44.12367,2016-10-01,0.46235,2016,10,501.53822165331263
7900,152373,-70.10261,44.12367,2016-10-01,0.358708,2016,10,501.53822165331263
7901,152374,-70.10224,44.12367,2016-10-01,0.166656,2016,10,501.53822165331263
7902,152375,-70.10186,44.12367,2016-10-01,0.004723759,2016,10,501.53822165331263
7903,152376,-70.10149,44.12367,2016-10-01,0.01144714,2016,10,501.53822165331263
7904,152377,-70.10111,44.12367,2016-10-01,0.08823027,2016,10,501.53822165331263
7905,152378,-70.10074,44.12367,2016-10-01,0.1997186,2016,10,501.53822165331263
7906,152379,-70.10036,44.12367,2016-10-01,0.3003325,2016,10,501.53822165331263
7907,152380,-70.09999,44.12367,2016-10-01,0.3895024,2016,10,501.53822165331263
7908,152381,-70.09961,44.12367,2016-10-01,0.4234322,2016,10,501.53822165331263
7909,152382,-70.09924,44.12367,2016-10-01,0.4629287,2016,10,501.53822165331263
7910,152383,-70.09886,44.12367,2016-10-01,0.4742098,2016,10,501.53822165331263
7911,152384,-70.09849,44.12367,2016-10-01,0.5376837,2016,10,501.53822165331263
7912,152385,-70.09811,44.12367,2016-10-01,0.6092533,2016,10,501.53822165331263
7913,152386,-70.09774,44.12367,2016-10-01,0.6764738,2016,10,501.53822165331263
7914,152387,-70.09736,44.12367,2016-10-01,0.6835378,2016,10,501.53822165331263
7915,152388,-70.09699,44.12367,2016-10-01,0.655772,2016,10,501.53822165331263
7916,152389,-70.09661,44.12367,2016-10-01,0.6458179,2016,10,501.53822165331263
7917,152390,-70.09624,44.12367,2016-10-01,0.6977492,2016,10,501.53822165331263
7918,152391,-70.09586,44.12367,2016-10-01,0.777235,2016,10,501.53822165331263
7919,152392,-70.09549,44.12367,2016-10-01,0.8104949,2016,10,501.53822165331263
7920,152393,-70.09511,44.12367,2016-10-01,0.8455256,2016,10,501.53822165331263
7921,152394,-70.09474,44.12367,2016-10-01,0.9132355,2016,10,501.53822165331263
7922,152395,-70.09436,44.12367,2016-10-01,0.9237629,2016,10,501.53822165331263
7923,152396,-70.09399,44.12367,2016-10-01,0.7331182,2016,10,501.53822165331263
7924,152397,-70.09361,44.12367,2016-10-01,0.3528637,2016,10,501.53822165331263
7925,152398,-70.09324,44.12367,2016-10-01,-0.1816752,2016,10,501.53822165331263
7926,152399,-70.09286,44.12367,2016-10-01,-0.6264032,2016,10,501.53822165331263
7927,152400,-70.09249,44.12367,2016-10-01,-0.9637684,2016,10,501.53822165331263
7928,152401,-70.09211,44.12367,2016-10-01,-1.158387,2016,10,50.15382216533126
7929,152402,-70.09174,44.12367,2016-10-01,-1.387868,2016,10,50.15382216533126
7930,152403,-70.09136,44.12367,2016-10-01,-1.774754,2016,10,50.15382216533126
7931,152404,-70.09099,44.12367,2016-10-01,-2.381697,2016,10,10.030764433066253
7932,152405,-70.09061,44.12367,2016-10-01,-3.068063,2016,10,10.030764433066253
7933,152406,-70.09024,44.12367,2016-10-01,-3.583941,2016,10,10.030764433066253
7934,152407,-70.08986,44.12367,2016-10-01,-3.440226,2016,10,10.030764433066253
7935,152408,-70.08949,44.12367,2016-10-01,-3.267746,2016,10,10.030764433066253
7936,152409,-70.10749,44.1234,2016-10-01,-3.832511,2016,10,10.030764433066253
7937,152410,-70.10711,44.1234,2016-10-01,-4.228905,2016,10,10.030764433066253
7938,152411,-70.10674,44.1234,2016-10-01,-4.268058,2016,10,10.030764433066253
7939,152412,-70.10636,44.1234,2016-10-01,-3.729433,2016,10,10.030764433066253
7940,152413,-70.10599,44.1234,2016-10-01,-3.111532,2016,10,10.030764433066253
7941,152414,-70.10561,44.1234,2016-10-01,-2.310849,2016,10,10.030764433066253
7942,152415,-70.10524,44.1234,2016-10-01,-1.455823,2016,10,50.15382216533126
7943,152416,-70.10486,44.1234,2016-10-01,-0.7779294,2016,10,501.53822165331263
7944,152417,-70.10449,44.1234,2016-10-01,-0.3820074,2016,10,501.53822165331263
7945,152418,-70.10411,44.1234,2016-10-01,-0.141507,2016,10,501.53822165331263
7946,152419,-70.10374,44.1234,2016-10-01,0.08311814,2016,10,501.53822165331263
7947,152420,-70.10336,44.1234,2016-10-01,0.3120724,2016,10,501.53822165331263
7948,152421,-70.10299,44.1234,2016-10-01,0.428009,2016,10,501.53822165331263
7949,152422,-70.10261,44.1234,2016-10-01,0.3715886,2016,10,501.53822165331263
7950,152423,-70.10224,44.1234,2016-10-01,0.224589,2016,10,501.53822165331263
7951,152424,-70.10186,44.1234,2016-10-01,0.08969802,2016,10,501.53822165331263
7952,152425,-70.10149,44.1234,2016-10-01,0.04784372,2016,10,501.53822165331263
7953,152426,-70.10111,44.1234,2016-10-01,0.1019081,2016,10,501.53822165331263
7954,152427,-70.10074,44.1234,2016-10-01,0.1976137,2016,10,501.53822165331263
7955,152428,-70.10036,44.1234,2016-10-01,0.2891666,2016,10,501.53822165331263
7956,152429,-70.09999,44.1234,2016-10-01,0.3580379,2016,10,501.53822165331263
7957,152430,-70.09961,44.1234,2016-10-01,0.4013174,2016,10,501.53822165331263
7958,152431,-70.09924,44.1234,2016-10-01,0.4271514,2016,10,501.53822165331263
7959,152432,-70.09886,44.1234,2016-10-01,0.4503707,2016,10,501.53822165331263
7960,152433,-70.09849,44.1234,2016-10-01,0.5042364,2016,10,501.53822165331263
7961,152434,-70.09811,44.1234,2016-10-01,0.5736882,2016,10,501.53822165331263
7962,152435,-70.09774,44.1234,2016-10-01,0.6016994,2016,10,501.53822165331263
7963,152436,-70.09736,44.1234,2016-10-01,0.5952887,2016,10,501.53822165331263
7964,152437,-70.09699,44.1234,2016-10-01,0.5976576,2016,10,501.53822165331263
7965,152438,-70.09661,44.1234,2016-10-01,0.5948257,2016,10,501.53822165331263
7966,152439,-70.09624,44.1234,2016-10-01,0.6367527,2016,10,501.53822165331263
7967,152440,-70.09586,44.1234,2016-10-01,0.7188398,2016,10,501.53822165331263
7968,152441,-70.09549,44.1234,2016-10-01,0.8091346,2016,10,501.53822165331263
7969,152442,-70.09511,44.1234,2016-10-01,0.8443697,2016,10,501.53822165331263
7970,152443,-70.09474,44.1234,2016-10-01,0.856825,2016,10,501.53822165331263
7971,152444,-70.09436,44.1234,2016-10-01,0.7660928,2016,10,501.53822165331263
7972,152445,-70.09399,44.1234,2016-10-01,0.526306,2016,10,501.53822165331263
7973,152446,-70.09361,44.1234,2016-10-01,0.1684943,2016,10,501.53822165331263
7974,152447,-70.09324,44.1234,2016-10-01,-0.3230479,2016,10,501.53822165331263
7975,152448,-70.09286,44.1234,2016-10-01,-0.7424069,2016,10,501.53822165331263
7976,152449,-70.09249,44.1234,2016-10-01,-1.041612,2016,10,50.15382216533126
7977,152450,-70.09211,44.1234,2016-10-01,-1.315012,2016,10,50.15382216533126
7978,152451,-70.09174,44.1234,2016-10-01,-1.80967,2016,10,50.15382216533126
7979,152452,-70.09136,44.1234,2016-10-01,-2.543171,2016,10,10.030764433066253
7980,152453,-70.09099,44.1234,2016-10-01,-3.299269,2016,10,10.030764433066253
7981,152454,-70.09061,44.1234,2016-10-01,-3.658649,2016,10,10.030764433066253
7982,152455,-70.09024,44.1234,2016-10-01,-3.608744,2016,10,10.030764433066253
7983,152456,-70.08986,44.1234,2016-10-01,-3.212825,2016,10,10.030764433066253
7984,152457,-70.10749,44.12313,2016-10-01,-3.593775,2016,10,10.030764433066253
7985,152458,-70.10711,44.12313,2016-10-01,-3.87909,2016,10,10.030764433066253
7986,152459,-70.10674,44.12313,2016-10-01,-3.789619,2016,10,10.030764433066253
7987,152460,-70.10636,44.12313,2016-10-01,-3.157082,2016,10,10.030764433066253
7988,152461,-70.10599,44.12313,2016-10-01,-2.491461,2016,10,10.030764433066253
7989,152462,-70.10561,44.12313,2016-10-01,-1.801423,2016,10,50.15382216533126
7990,152463,-70.10524,44.12313,2016-10-01,-1.269284,2016,10,50.15382216533126
7991,152464,-70.10486,44.12313,2016-10-01,-0.90823,2016,10,501.53822165331263
7992,152465,-70.10449,44.12313,2016-10-01,-0.7390273,2016,10,501.53822165331263
7993,152466,-70.10411,44.12313,2016-10-01,-0.5515918,2016,10,501.53822165331263
7994,152467,-70.10374,44.12313,2016-10-01,-0.2491168,2016,10,501.53822165331263
7995,152468,-70.10336,44.12313,2016-10-01,0.05502083,2016,10,501.53822165331263
7996,152469,-70.10299,44.12313,2016-10-01,0.3590799,2016,10,501.53822165331263
7997,152470,-70.10261,44.12313,2016-10-01,0.523062,2016,10,501.53822165331263
7998,152471,-70.10224,44.12313,2016-10-01,0.4429074,2016,10,501.53822165331263
7999,152472,-70.10186,44.12313,2016-10-01,0.2705513,2016,10,501.53822165331263
8000,152473,-70.10149,44.12313,2016-10-01,0.1184351,2016,10,501.53822165331263
8001,152474,-70.10111,44.12313,2016-10-01,0.09755094,2016,10,501.53822165331263
8002,152475,-70.10074,44.12313,2016-10-01,0.1782753,2016,10,501.53822165331263
8003,152476,-70.10036,44.12313,2016-10-01,0.2533787,2016,10,501.53822165331263
8004,152477,-70.09999,44.12313,2016-10-01,0.3217041,2016,10,501.53822165331263
8005,152478,-70.09961,44.12313,2016-10-01,0.3829436,2016,10,501.53822165331263
8006,152479,-70.09924,44.12313,2016-10-01,0.3761195,2016,10,501.53822165331263
8007,152480,-70.09886,44.12313,2016-10-01,0.4291867,2016,10,501.53822165331263
8008,152481,-70.09849,44.12313,2016-10-01,0.4675648,2016,10,501.53822165331263
8009,152482,-70.09811,44.12313,2016-10-01,0.4909793,2016,10,501.53822165331263
8010,152483,-70.09774,44.12313,2016-10-01,0.5350644,2016,10,501.53822165331263
8011,152484,-70.09736,44.12313,2016-10-01,0.5131207,2016,10,501.53822165331263
8012,152485,-70.09699,44.12313,2016-10-01,0.5294286,2016,10,501.53822165331263
8013,152486,-70.09661,44.12313,2016-10-01,0.5355078,2016,10,501.53822165331263
8014,152487,-70.09624,44.12313,2016-10-01,0.5884944,2016,10,501.53822165331263
8015,152488,-70.09586,44.12313,2016-10-01,0.6787041,2016,10,501.53822165331263
8016,152489,-70.09549,44.12313,2016-10-01,0.7995433,2016,10,501.53822165331263
8017,152490,-70.09511,44.12313,2016-10-01,0.849478,2016,10,501.53822165331263
8018,152491,-70.09474,44.12313,2016-10-01,0.8024413,2016,10,501.53822165331263
8019,152492,-70.09436,44.12313,2016-10-01,0.6210706,2016,10,501.53822165331263
8020,152493,-70.09399,44.12313,2016-10-01,0.31723,2016,10,501.53822165331263
8021,152494,-70.09361,44.12313,2016-10-01,-0.04741314,2016,10,501.53822165331263
8022,152495,-70.09324,44.12313,2016-10-01,-0.4759777,2016,10,501.53822165331263
8023,152496,-70.09286,44.12313,2016-10-01,-0.8430655,2016,10,501.53822165331263
8024,152497,-70.09249,44.12313,2016-10-01,-1.147541,2016,10,50.15382216533126
8025,152498,-70.09211,44.12313,2016-10-01,-1.588577,2016,10,50.15382216533126
8026,152499,-70.09174,44.12313,2016-10-01,-2.329717,2016,10,10.030764433066253
8027,152500,-70.09136,44.12313,2016-10-01,-3.284717,2016,10,10.030764433066253
8028,152501,-70.09099,44.12313,2016-10-01,-4.031575,2016,10,10.030764433066253
8029,152502,-70.09061,44.12313,2016-10-01,-3.97373,2016,10,10.030764433066253
8030,152503,-70.09024,44.12313,2016-10-01,-3.748274,2016,10,10.030764433066253
8031,152504,-70.10749,44.12286,2016-10-01,-3.761203,2016,10,10.030764433066253
8032,152505,-70.10711,44.12286,2016-10-01,-3.929642,2016,10,10.030764433066253
8033,152506,-70.10674,44.12286,2016-10-01,-3.909592,2016,10,10.030764433066253
8034,152507,-70.10486,44.12286,2016-10-01,-1.35848,2016,10,50.15382216533126
8035,152508,-70.10449,44.12286,2016-10-01,-1.315297,2016,10,50.15382216533126
8036,152509,-70.10411,44.12286,2016-10-01,-1.128479,2016,10,50.15382216533126
8037,152510,-70.10374,44.12286,2016-10-01,-0.6953581,2016,10,501.53822165331263
8038,152511,-70.10336,44.12286,2016-10-01,-0.2754495,2016,10,501.53822165331263
8039,152512,-70.10299,44.12286,2016-10-01,0.1042906,2016,10,501.53822165331263
8040,152513,-70.10261,44.12286,2016-10-01,0.3623355,2016,10,501.53822165331263
8041,152514,-70.10224,44.12286,2016-10-01,0.4010033,2016,10,501.53822165331263
8042,152515,-70.10186,44.12286,2016-10-01,0.3340987,2016,10,501.53822165331263
8043,152516,-70.10149,44.12286,2016-10-01,0.1990298,2016,10,501.53822165331263
8044,152517,-70.10111,44.12286,2016-10-01,0.1499505,2016,10,501.53822165331263
8045,152518,-70.10074,44.12286,2016-10-01,0.1922121,2016,10,501.53822165331263
8046,152519,-70.10036,44.12286,2016-10-01,0.2567728,2016,10,501.53822165331263
8047,152520,-70.09999,44.12286,2016-10-01,0.3349098,2016,10,501.53822165331263
8048,152521,-70.09961,44.12286,2016-10-01,0.3941761,2016,10,501.53822165331263
8049,152522,-70.09924,44.12286,2016-10-01,0.3800703,2016,10,501.53822165331263
8050,152523,-70.09886,44.12286,2016-10-01,0.43086,2016,10,501.53822165331263
8051,152524,-70.09849,44.12286,2016-10-01,0.4200471,2016,10,501.53822165331263
8052,152525,-70.09811,44.12286,2016-10-01,0.4038319,2016,10,501.53822165331263
8053,152526,-70.09774,44.12286,2016-10-01,0.4571483,2016,10,501.53822165331263
8054,152527,-70.09736,44.12286,2016-10-01,0.4623961,2016,10,501.53822165331263
8055,152528,-70.09699,44.12286,2016-10-01,0.5323058,2016,10,501.53822165331263
8056,152529,-70.09661,44.12286,2016-10-01,0.5726701,2016,10,501.53822165331263
8057,152530,-70.09624,44.12286,2016-10-01,0.6146325,2016,10,501.53822165331263
8058,152531,-70.09586,44.12286,2016-10-01,0.6865845,2016,10,501.53822165331263
8059,152532,-70.09549,44.12286,2016-10-01,0.8000308,2016,10,501.53822165331263
8060,152533,-70.09511,44.12286,2016-10-01,0.8606863,2016,10,501.53822165331263
8061,152534,-70.09474,44.12286,2016-10-01,0.7688122,2016,10,501.53822165331263
8062,152535,-70.09436,44.12286,2016-10-01,0.5152661,2016,10,501.53822165331263
8063,152536,-70.09399,44.12286,2016-10-01,0.1276525,2016,10,501.53822165331263
8064,152537,-70.09361,44.12286,2016-10-01,-0.271911,2016,10,501.53822165331263
8065,152538,-70.09324,44.12286,2016-10-01,-0.6561956,2016,10,501.53822165331263
8066,152539,-70.09286,44.12286,2016-10-01,-0.967882,2016,10,501.53822165331263
8067,152540,-70.09249,44.12286,2016-10-01,-1.313919,2016,10,50.15382216533126
8068,152541,-70.09211,44.12286,2016-10-01,-1.927259,2016,10,50.15382216533126
8069,152542,-70.09174,44.12286,2016-10-01,-2.838894,2016,10,10.030764433066253
8070,152543,-70.09136,44.12286,2016-10-01,-3.865445,2016,10,10.030764433066253
8071,152544,-70.09099,44.12286,2016-10-01,-4.371098,2016,10,10.030764433066253
8072,152545,-70.09061,44.12286,2016-10-01,-3.935404,2016,10,10.030764433066253
8073,152546,-70.09024,44.12286,2016-10-01,-3.562674,2016,10,10.030764433066253
8074,152547,-70.10749,44.12259,2016-10-01,-3.894657,2016,10,10.030764433066253
8075,152548,-70.10711,44.12259,2016-10-01,-3.76726,2016,10,10.030764433066253
8076,152549,-70.10674,44.12259,2016-10-01,-3.555864,2016,10,10.030764433066253
8077,152550,-70.10486,44.12259,2016-10-01,-1.754157,2016,10,50.15382216533126
8078,152551,-70.10449,44.12259,2016-10-01,-1.858403,2016,10,50.15382216533126
8079,152552,-70.10411,44.12259,2016-10-01,-1.701021,2016,10,50.15382216533126
8080,152553,-70.10374,44.12259,2016-10-01,-1.159849,2016,10,50.15382216533126
8081,152554,-70.10336,44.12259,2016-10-01,-0.6186816,2016,10,501.53822165331263
8082,152555,-70.10299,44.12259,2016-10-01,-0.1931865,2016,10,501.53822165331263
8083,152556,-70.10261,44.12259,2016-10-01,0.1054446,2016,10,501.53822165331263
8084,152557,-70.10224,44.12259,2016-10-01,0.2221239,2016,10,501.53822165331263
8085,152558,-70.10186,44.12259,2016-10-01,0.2426112,2016,10,501.53822165331263
8086,152559,-70.10149,44.12259,2016-10-01,0.1983922,2016,10,501.53822165331263
8087,152560,-70.10111,44.12259,2016-10-01,0.1814686,2016,10,501.53822165331263
8088,152561,-70.10074,44.12259,2016-10-01,0.2253608,2016,10,501.53822165331263
8089,152562,-70.10036,44.12259,2016-10-01,0.298049,2016,10,501.53822165331263
8090,152563,-70.09999,44.12259,2016-10-01,0.3948121,2016,10,501.53822165331263
8091,152564,-70.09961,44.12259,2016-10-01,0.5011138,2016,10,501.53822165331263
8092,152565,-70.09924,44.12259,2016-10-01,0.533443,2016,10,501.53822165331263
8093,152566,-70.09886,44.12259,2016-10-01,0.4985713,2016,10,501.53822165331263
8094,152567,-70.09849,44.12259,2016-10-01,0.4061285,2016,10,501.53822165331263
8095,152568,-70.09811,44.12259,2016-10-01,0.3379391,2016,10,501.53822165331263
8096,152569,-70.09774,44.12259,2016-10-01,0.3693279,2016,10,501.53822165331263
8097,152570,-70.09736,44.12259,2016-10-01,0.4640771,2016,10,501.53822165331263
8098,152571,-70.09699,44.12259,2016-10-01,0.5919015,2016,10,501.53822165331263
8099,152572,-70.09661,44.12259,2016-10-01,0.6667562,2016,10,501.53822165331263
8100,152573,-70.09624,44.12259,2016-10-01,0.6936584,2016,10,501.53822165331263
8101,152574,-70.09586,44.12259,2016-10-01,0.7273591,2016,10,501.53822165331263
8102,152575,-70.09549,44.12259,2016-10-01,0.7993351,2016,10,501.53822165331263
8103,152576,-70.09511,44.12259,2016-10-01,0.8079973,2016,10,501.53822165331263
8104,152577,-70.09474,44.12259,2016-10-01,0.6616256,2016,10,501.53822165331263
8105,152578,-70.09436,44.12259,2016-10-01,0.3485062,2016,10,501.53822165331263
8106,152579,-70.09399,44.12259,2016-10-01,-0.09258847,2016,10,501.53822165331263
8107,152580,-70.09361,44.12259,2016-10-01,-0.5059622,2016,10,501.53822165331263
8108,152581,-70.09324,44.12259,2016-10-01,-0.8462521,2016,10,501.53822165331263
8109,152582,-70.09286,44.12259,2016-10-01,-1.085305,2016,10,50.15382216533126
8110,152583,-70.09249,44.12259,2016-10-01,-1.448949,2016,10,50.15382216533126
8111,152584,-70.09211,44.12259,2016-10-01,-2.187515,2016,10,10.030764433066253
8112,152585,-70.09174,44.12259,2016-10-01,-3.197793,2016,10,10.030764433066253
8113,152586,-70.09136,44.12259,2016-10-01,-4.216228,2016,10,10.030764433066253
8114,152587,-70.09099,44.12259,2016-10-01,-4.56079,2016,10,10.030764433066253
8115,152588,-70.09061,44.12259,2016-10-01,-4.128029,2016,10,10.030764433066253
8116,152589,-70.09024,44.12259,2016-10-01,-3.801061,2016,10,10.030764433066253
8117,152590,-70.10749,44.12232,2016-10-01,-3.242562,2016,10,10.030764433066253
8118,152591,-70.10711,44.12232,2016-10-01,-3.18873,2016,10,10.030764433066253
8119,152592,-70.10486,44.12232,2016-10-01,-1.840085,2016,10,50.15382216533126
8120,152593,-70.10449,44.12232,2016-10-01,-1.995773,2016,10,10.030764433066253
8121,152594,-70.10411,44.12232,2016-10-01,-1.98428,2016,10,10.030764433066253
8122,152595,-70.10374,44.12232,2016-10-01,-1.566308,2016,10,50.15382216533126
8123,152596,-70.10336,44.12232,2016-10-01,-1.053045,2016,10,50.15382216533126
8124,152597,-70.10299,44.12232,2016-10-01,-0.6082031,2016,10,501.53822165331263
8125,152598,-70.10261,44.12232,2016-10-01,-0.2841668,2016,10,501.53822165331263
8126,152599,-70.10224,44.12232,2016-10-01,-0.07410394,2016,10,501.53822165331263
8127,152600,-70.10186,44.12232,2016-10-01,0.05243835,2016,10,501.53822165331263
8128,152601,-70.10149,44.12232,2016-10-01,0.09216568,2016,10,501.53822165331263
8129,152602,-70.10111,44.12232,2016-10-01,0.1076536,2016,10,501.53822165331263
8130,152603,-70.10074,44.12232,2016-10-01,0.1425727,2016,10,501.53822165331263
8131,152604,-70.10036,44.12232,2016-10-01,0.2425724,2016,10,501.53822165331263
8132,152605,-70.09999,44.12232,2016-10-01,0.4035674,2016,10,501.53822165331263
8133,152606,-70.09961,44.12232,2016-10-01,0.5570526,2016,10,501.53822165331263
8134,152607,-70.09924,44.12232,2016-10-01,0.6362196,2016,10,501.53822165331263
8135,152608,-70.09886,44.12232,2016-10-01,0.5506925,2016,10,501.53822165331263
8136,152609,-70.09849,44.12232,2016-10-01,0.4160945,2016,10,501.53822165331263
8137,152610,-70.09811,44.12232,2016-10-01,0.3366838,2016,10,501.53822165331263
8138,152611,-70.09774,44.12232,2016-10-01,0.3537825,2016,10,501.53822165331263
8139,152612,-70.09736,44.12232,2016-10-01,0.4690041,2016,10,501.53822165331263
8140,152613,-70.09699,44.12232,2016-10-01,0.5487671,2016,10,501.53822165331263
8141,152614,-70.09661,44.12232,2016-10-01,0.587458,2016,10,501.53822165331263
8142,152615,-70.09624,44.12232,2016-10-01,0.6128869,2016,10,501.53822165331263
8143,152616,-70.09586,44.12232,2016-10-01,0.6281802,2016,10,501.53822165331263
8144,152617,-70.09549,44.12232,2016-10-01,0.6686908,2016,10,501.53822165331263
8145,152618,-70.09511,44.12232,2016-10-01,0.6338819,2016,10,501.53822165331263
8146,152619,-70.09474,44.12232,2016-10-01,0.4672926,2016,10,501.53822165331263
8147,152620,-70.09436,44.12232,2016-10-01,0.1415185,2016,10,501.53822165331263
8148,152621,-70.09399,44.12232,2016-10-01,-0.3138091,2016,10,501.53822165331263
8149,152622,-70.09361,44.12232,2016-10-01,-0.7301765,2016,10,501.53822165331263
8150,152623,-70.09324,44.12232,2016-10-01,-1.035594,2016,10,50.15382216533126
8151,152624,-70.09286,44.12232,2016-10-01,-1.214052,2016,10,50.15382216533126
8152,152625,-70.09249,44.12232,2016-10-01,-1.576907,2016,10,50.15382216533126
8153,152626,-70.09211,44.12232,2016-10-01,-2.357361,2016,10,10.030764433066253
8154,152627,-70.09174,44.12232,2016-10-01,-3.362011,2016,10,10.030764433066253
8155,152628,-70.09136,44.12232,2016-10-01,-4.315598,2016,10,10.030764433066253
8156,152629,-70.09099,44.12232,2016-10-01,-4.54142,2016,10,10.030764433066253
8157,152630,-70.09061,44.12232,2016-10-01,-3.907119,2016,10,10.030764433066253
8158,152631,-70.09024,44.12232,2016-10-01,-3.526927,2016,10,10.030764433066253
8159,152632,-70.10711,44.12205,2016-10-01,-3.182012,2016,10,10.030764433066253
8160,152633,-70.10449,44.12205,2016-10-01,-1.72658,2016,10,50.15382216533126
8161,152634,-70.10411,44.12205,2016-10-01,-1.744077,2016,10,50.15382216533126
8162,152635,-70.10374,44.12205,2016-10-01,-1.573192,2016,10,50.15382216533126
8163,152636,-70.10336,44.12205,2016-10-01,-1.292138,2016,10,50.15382216533126
8164,152637,-70.10299,44.12205,2016-10-01,-0.9819913,2016,10,501.53822165331263
8165,152638,-70.10261,44.12205,2016-10-01,-0.6807268,2016,10,501.53822165331263
8166,152639,-70.10224,44.12205,2016-10-01,-0.4495843,2016,10,501.53822165331263
8167,152640,-70.10186,44.12205,2016-10-01,-0.2523418,2016,10,501.53822165331263
8168,152641,-70.10149,44.12205,2016-10-01,-0.1405615,2016,10,501.53822165331263
8169,152642,-70.10111,44.12205,2016-10-01,-0.04035277,2016,10,501.53822165331263
8170,152643,-70.10074,44.12205,2016-10-01,0.05796057,2016,10,501.53822165331263
8171,152644,-70.10036,44.12205,2016-10-01,0.1947538,2016,10,501.53822165331263
8172,152645,-70.09999,44.12205,2016-10-01,0.373758,2016,10,501.53822165331263
8173,152646,-70.09961,44.12205,2016-10-01,0.5284007,2016,10,501.53822165331263
8174,152647,-70.09924,44.12205,2016-10-01,0.6309965,2016,10,501.53822165331263
8175,152648,-70.09886,44.12205,2016-10-01,0.5779377,2016,10,501.53822165331263
8176,152649,-70.09849,44.12205,2016-10-01,0.4317052,2016,10,501.53822165331263
8177,152650,-70.09811,44.12205,2016-10-01,0.3113815,2016,10,501.53822165331263
8178,152651,-70.09774,44.12205,2016-10-01,0.2848549,2016,10,501.53822165331263
8179,152652,-70.09736,44.12205,2016-10-01,0.3788842,2016,10,501.53822165331263
8180,152653,-70.09699,44.12205,2016-10-01,0.429427,2016,10,501.53822165331263
8181,152654,-70.09661,44.12205,2016-10-01,0.420315,2016,10,501.53822165331263
8182,152655,-70.09624,44.12205,2016-10-01,0.3914296,2016,10,501.53822165331263
8183,152656,-70.09586,44.12205,2016-10-01,0.356286,2016,10,501.53822165331263
8184,152657,-70.09549,44.12205,2016-10-01,0.3711036,2016,10,501.53822165331263
8185,152658,-70.09511,44.12205,2016-10-01,0.31938,2016,10,501.53822165331263
8186,152659,-70.09474,44.12205,2016-10-01,0.1422536,2016,10,501.53822165331263
8187,152660,-70.09436,44.12205,2016-10-01,-0.1774805,2016,10,501.53822165331263
8188,152661,-70.09399,44.12205,2016-10-01,-0.5945902,2016,10,501.53822165331263
8189,152662,-70.09361,44.12205,2016-10-01,-0.9608292,2016,10,501.53822165331263
8190,152663,-70.09324,44.12205,2016-10-01,-1.207399,2016,10,50.15382216533126
8191,152664,-70.09286,44.12205,2016-10-01,-1.382928,2016,10,50.15382216533126
8192,152665,-70.09249,44.12205,2016-10-01,-1.810701,2016,10,50.15382216533126
8193,152666,-70.09211,44.12205,2016-10-01,-2.59949,2016,10,10.030764433066253
8194,152667,-70.09174,44.12205,2016-10-01,-3.49553,2016,10,10.030764433066253
8195,152668,-70.09136,44.12205,2016-10-01,-4.26681,2016,10,10.030764433066253
8196,152669,-70.09099,44.12205,2016-10-01,-4.37872,2016,10,10.030764433066253
8197,152670,-70.09061,44.12205,2016-10-01,-3.605132,2016,10,10.030764433066253
8198,152671,-70.10374,44.12178,2016-10-01,-1.523837,2016,10,50.15382216533126
8199,152672,-70.10336,44.12178,2016-10-01,-1.607638,2016,10,50.15382216533126
8200,152673,-70.10299,44.12178,2016-10-01,-1.368267,2016,10,50.15382216533126
8201,152674,-70.10261,44.12178,2016-10-01,-0.9506993,2016,10,501.53822165331263
8202,152675,-70.10224,44.12178,2016-10-01,-0.6823449,2016,10,501.53822165331263
8203,152676,-70.10186,44.12178,2016-10-01,-0.5025198,2016,10,501.53822165331263
8204,152677,-70.10149,44.12178,2016-10-01,-0.4514378,2016,10,501.53822165331263
8205,152678,-70.10111,44.12178,2016-10-01,-0.4240218,2016,10,501.53822165331263
8206,152679,-70.10074,44.12178,2016-10-01,-0.3324652,2016,10,501.53822165331263
8207,152680,-70.10036,44.12178,2016-10-01,-0.1641335,2016,10,501.53822165331263
8208,152681,-70.09999,44.12178,2016-10-01,0.06772899,2016,10,501.53822165331263
8209,152682,-70.09961,44.12178,2016-10-01,0.2968986,2016,10,501.53822165331263
8210,152683,-70.09924,44.12178,2016-10-01,0.4500767,2016,10,501.53822165331263
8211,152684,-70.09886,44.12178,2016-10-01,0.431,2016,10,501.53822165331263
8212,152685,-70.09849,44.12178,2016-10-01,0.2978888,2016,10,501.53822165331263
8213,152686,-70.09811,44.12178,2016-10-01,0.1832453,2016,10,501.53822165331263
8214,152687,-70.09774,44.12178,2016-10-01,0.1270104,2016,10,501.53822165331263
8215,152688,-70.09736,44.12178,2016-10-01,0.1550138,2016,10,501.53822165331263
8216,152689,-70.09699,44.12178,2016-10-01,0.1379864,2016,10,501.53822165331263
8217,152690,-70.09661,44.12178,2016-10-01,0.05902103,2016,10,501.53822165331263
8218,152691,-70.09624,44.12178,2016-10-01,-0.02890775,2016,10,501.53822165331263
8219,152692,-70.09586,44.12178,2016-10-01,-0.1018407,2016,10,501.53822165331263
8220,152693,-70.09549,44.12178,2016-10-01,-0.1365843,2016,10,501.53822165331263
8221,152694,-70.09511,44.12178,2016-10-01,-0.2231547,2016,10,501.53822165331263
8222,152695,-70.09474,44.12178,2016-10-01,-0.3796038,2016,10,501.53822165331263
8223,152696,-70.09436,44.12178,2016-10-01,-0.6344336,2016,10,501.53822165331263
8224,152697,-70.09399,44.12178,2016-10-01,-0.9294954,2016,10,501.53822165331263
8225,152698,-70.09361,44.12178,2016-10-01,-1.172408,2016,10,50.15382216533126
8226,152699,-70.09324,44.12178,2016-10-01,-1.35946,2016,10,50.15382216533126
8227,152700,-70.09286,44.12178,2016-10-01,-1.625199,2016,10,50.15382216533126
8228,152701,-70.09249,44.12178,2016-10-01,-2.16818,2016,10,10.030764433066253
8229,152702,-70.09211,44.12178,2016-10-01,-2.946064,2016,10,10.030764433066253
8230,152703,-70.09174,44.12178,2016-10-01,-3.693687,2016,10,10.030764433066253
8231,152704,-70.09136,44.12178,2016-10-01,-4.056147,2016,10,10.030764433066253
8232,152705,-70.09099,44.12178,2016-10-01,-3.730534,2016,10,10.030764433066253
8233,152706,-70.09061,44.12178,2016-10-01,-3.414678,2016,10,10.030764433066253
8234,152707,-70.10336,44.12151,2016-10-01,-1.523257,2016,10,50.15382216533126
8235,152708,-70.10299,44.12151,2016-10-01,-1.623569,2016,10,50.15382216533126
8236,152709,-70.10261,44.12151,2016-10-01,-1.30035,2016,10,50.15382216533126
8237,152710,-70.10224,44.12151,2016-10-01,-0.9597476,2016,10,501.53822165331263
8238,152711,-70.10186,44.12151,2016-10-01,-0.7778738,2016,10,501.53822165331263
8239,152712,-70.10149,44.12151,2016-10-01,-0.7438028,2016,10,501.53822165331263
8240,152713,-70.10111,44.12151,2016-10-01,-0.7308461,2016,10,501.53822165331263
8241,152714,-70.10074,44.12151,2016-10-01,-0.6227584,2016,10,501.53822165331263
8242,152715,-70.10036,44.12151,2016-10-01,-0.4511027,2016,10,501.53822165331263
8243,152716,-70.09999,44.12151,2016-10-01,-0.2701985,2016,10,501.53822165331263
8244,152717,-70.09961,44.12151,2016-10-01,-0.1056931,2016,10,501.53822165331263
8245,152718,-70.09924,44.12151,2016-10-01,0.02997044,2016,10,501.53822165331263
8246,152719,-70.09886,44.12151,2016-10-01,0.06623851,2016,10,501.53822165331263
8247,152720,-70.09849,44.12151,2016-10-01,-0.006019469,2016,10,501.53822165331263
8248,152721,-70.09811,44.12151,2016-10-01,-0.1084667,2016,10,501.53822165331263
8249,152722,-70.09774,44.12151,2016-10-01,-0.1886108,2016,10,501.53822165331263
8250,152723,-70.09736,44.12151,2016-10-01,-0.215704,2016,10,501.53822165331263
8251,152724,-70.09699,44.12151,2016-10-01,-0.2577307,2016,10,501.53822165331263
8252,152725,-70.09661,44.12151,2016-10-01,-0.3402362,2016,10,501.53822165331263
8253,152726,-70.09624,44.12151,2016-10-01,-0.465995,2016,10,501.53822165331263
8254,152727,-70.09586,44.12151,2016-10-01,-0.5967941,2016,10,501.53822165331263
8255,152728,-70.09549,44.12151,2016-10-01,-0.6804748,2016,10,501.53822165331263
8256,152729,-70.09511,44.12151,2016-10-01,-0.770548,2016,10,501.53822165331263
8257,152730,-70.09474,44.12151,2016-10-01,-0.8672857,2016,10,501.53822165331263
8258,152731,-70.09436,44.12151,2016-10-01,-1.028938,2016,10,50.15382216533126
8259,152732,-70.09399,44.12151,2016-10-01,-1.203881,2016,10,50.15382216533126
8260,152733,-70.09361,44.12151,2016-10-01,-1.3431,2016,10,50.15382216533126
8261,152734,-70.09324,44.12151,2016-10-01,-1.561701,2016,10,50.15382216533126
8262,152735,-70.09286,44.12151,2016-10-01,-2.017826,2016,10,10.030764433066253
8263,152736,-70.09249,44.12151,2016-10-01,-2.695146,2016,10,10.030764433066253
8264,152737,-70.09211,44.12151,2016-10-01,-3.403169,2016,10,10.030764433066253
8265,152738,-70.09174,44.12151,2016-10-01,-3.869906,2016,10,10.030764433066253
8266,152739,-70.09136,44.12151,2016-10-01,-3.671269,2016,10,10.030764433066253
8267,152740,-70.09099,44.12151,2016-10-01,-3.020326,2016,10,10.030764433066253
8268,152741,-70.09061,44.12151,2016-10-01,-2.710583,2016,10,10.030764433066253
8269,152742,-70.10336,44.12124,2016-10-01,-1.842515,2016,10,50.15382216533126
8270,152743,-70.10299,44.12124,2016-10-01,-1.927701,2016,10,50.15382216533126
8271,152744,-70.10261,44.12124,2016-10-01,-1.660455,2016,10,50.15382216533126
8272,152745,-70.10224,44.12124,2016-10-01,-1.36901,2016,10,50.15382216533126
8273,152746,-70.10186,44.12124,2016-10-01,-1.234844,2016,10,50.15382216533126
8274,152747,-70.10149,44.12124,2016-10-01,-1.174035,2016,10,50.15382216533126
8275,152748,-70.10111,44.12124,2016-10-01,-1.15808,2016,10,50.15382216533126
8276,152749,-70.10074,44.12124,2016-10-01,-1.078542,2016,10,50.15382216533126
8277,152750,-70.10036,44.12124,2016-10-01,-0.9320872,2016,10,501.53822165331263
8278,152751,-70.09999,44.12124,2016-10-01,-0.7812519,2016,10,501.53822165331263
8279,152752,-70.09961,44.12124,2016-10-01,-0.6213735,2016,10,501.53822165331263
8280,152753,-70.09924,44.12124,2016-10-01,-0.4716459,2016,10,501.53822165331263
8281,152754,-70.09886,44.12124,2016-10-01,-0.4209837,2016,10,501.53822165331263
8282,152755,-70.09849,44.12124,2016-10-01,-0.4668193,2016,10,501.53822165331263
8283,152756,-70.09811,44.12124,2016-10-01,-0.5648506,2016,10,501.53822165331263
8284,152757,-70.09774,44.12124,2016-10-01,-0.635084,2016,10,501.53822165331263
8285,152758,-70.09736,44.12124,2016-10-01,-0.6616671,2016,10,501.53822165331263
8286,152759,-70.09699,44.12124,2016-10-01,-0.7200552,2016,10,501.53822165331263
8287,152760,-70.09661,44.12124,2016-10-01,-0.772773,2016,10,501.53822165331263
8288,152761,-70.09624,44.12124,2016-10-01,-0.8545755,2016,10,501.53822165331263
8289,152762,-70.09586,44.12124,2016-10-01,-0.9987119,2016,10,501.53822165331263
8290,152763,-70.09549,44.12124,2016-10-01,-1.113506,2016,10,50.15382216533126
8291,152764,-70.09511,44.12124,2016-10-01,-1.206696,2016,10,50.15382216533126
8292,152765,-70.09474,44.12124,2016-10-01,-1.267691,2016,10,50.15382216533126
8293,152766,-70.09436,44.12124,2016-10-01,-1.332572,2016,10,50.15382216533126
8294,152767,-70.09399,44.12124,2016-10-01,-1.414388,2016,10,50.15382216533126
8295,152768,-70.09361,44.12124,2016-10-01,-1.572786,2016,10,50.15382216533126
8296,152769,-70.09324,44.12124,2016-10-01,-1.951079,2016,10,50.15382216533126
8297,152770,-70.09286,44.12124,2016-10-01,-2.545715,2016,10,10.030764433066253
8298,152771,-70.09249,44.12124,2016-10-01,-3.231983,2016,10,10.030764433066253
8299,152772,-70.09211,44.12124,2016-10-01,-3.806982,2016,10,10.030764433066253
8300,152773,-70.09174,44.12124,2016-10-01,-3.929476,2016,10,10.030764433066253
8301,152774,-70.09136,44.12124,2016-10-01,-3.418964,2016,10,10.030764433066253
8302,152775,-70.09099,44.12124,2016-10-01,-2.817311,2016,10,10.030764433066253
8303,152776,-70.10374,44.12097,2016-10-01,-1.646234,2016,10,50.15382216533126
8304,152777,-70.10336,44.12097,2016-10-01,-1.874671,2016,10,50.15382216533126
8305,152778,-70.10299,44.12097,2016-10-01,-2.118924,2016,10,10.030764433066253
8306,152779,-70.10261,44.12097,2016-10-01,-2.023009,2016,10,10.030764433066253
8307,152780,-70.10224,44.12097,2016-10-01,-1.841102,2016,10,50.15382216533126
8308,152781,-70.10186,44.12097,2016-10-01,-1.745914,2016,10,50.15382216533126
8309,152782,-70.10149,44.12097,2016-10-01,-1.670316,2016,10,50.15382216533126
8310,152783,-70.10111,44.12097,2016-10-01,-1.603801,2016,10,50.15382216533126
8311,152784,-70.10074,44.12097,2016-10-01,-1.504683,2016,10,50.15382216533126
8312,152785,-70.10036,44.12097,2016-10-01,-1.376707,2016,10,50.15382216533126
8313,152786,-70.09999,44.12097,2016-10-01,-1.265077,2016,10,50.15382216533126
8314,152787,-70.09961,44.12097,2016-10-01,-1.145642,2016,10,50.15382216533126
8315,152788,-70.09924,44.12097,2016-10-01,-1.010371,2016,10,50.15382216533126
8316,152789,-70.09886,44.12097,2016-10-01,-0.9482959,2016,10,501.53822165331263
8317,152790,-70.09849,44.12097,2016-10-01,-0.966449,2016,10,501.53822165331263
8318,152791,-70.09811,44.12097,2016-10-01,-1.040899,2016,10,50.15382216533126
8319,152792,-70.09774,44.12097,2016-10-01,-1.131463,2016,10,50.15382216533126
8320,152793,-70.09736,44.12097,2016-10-01,-1.186679,2016,10,50.15382216533126
8321,152794,-70.09699,44.12097,2016-10-01,-1.242215,2016,10,50.15382216533126
8322,152795,-70.09661,44.12097,2016-10-01,-1.227472,2016,10,50.15382216533126
8323,152796,-70.09624,44.12097,2016-10-01,-1.19429,2016,10,50.15382216533126
8324,152797,-70.09586,44.12097,2016-10-01,-1.251301,2016,10,50.15382216533126
8325,152798,-70.09549,44.12097,2016-10-01,-1.325837,2016,10,50.15382216533126
8326,152799,-70.09511,44.12097,2016-10-01,-1.41383,2016,10,50.15382216533126
8327,152800,-70.09474,44.12097,2016-10-01,-1.489079,2016,10,50.15382216533126
8328,152801,-70.09436,44.12097,2016-10-01,-1.549758,2016,10,50.15382216533126
8329,152802,-70.09399,44.12097,2016-10-01,-1.676174,2016,10,50.15382216533126
8330,152803,-70.09361,44.12097,2016-10-01,-1.9799,2016,10,10.030764433066253
8331,152804,-70.09324,44.12097,2016-10-01,-2.487437,2016,10,10.030764433066253
8332,152805,-70.09286,44.12097,2016-10-01,-3.112846,2016,10,10.030764433066253
8333,152806,-70.09249,44.12097,2016-10-01,-3.685642,2016,10,10.030764433066253
8334,152807,-70.09211,44.12097,2016-10-01,-3.944655,2016,10,10.030764433066253
8335,152808,-70.09174,44.12097,2016-10-01,-3.579121,2016,10,10.030764433066253
8336,152809,-70.09136,44.12097,2016-10-01,-3.208162,2016,10,10.030764433066253
8337,152810,-70.10336,44.1207,2016-10-01,-1.824193,2016,10,50.15382216533126
8338,152811,-70.10299,44.1207,2016-10-01,-2.250865,2016,10,10.030764433066253
8339,152812,-70.10261,44.1207,2016-10-01,-2.321108,2016,10,10.030764433066253
8340,152813,-70.10224,44.1207,2016-10-01,-2.330184,2016,10,10.030764433066253
8341,152814,-70.10186,44.1207,2016-10-01,-2.24531,2016,10,10.030764433066253
8342,152815,-70.10149,44.1207,2016-10-01,-2.180576,2016,10,10.030764433066253
8343,152816,-70.10111,44.1207,2016-10-01,-2.093343,2016,10,10.030764433066253
8344,152817,-70.10074,44.1207,2016-10-01,-1.993233,2016,10,10.030764433066253
8345,152818,-70.10036,44.1207,2016-10-01,-1.906266,2016,10,50.15382216533126
8346,152819,-70.09999,44.1207,2016-10-01,-1.804798,2016,10,50.15382216533126
8347,152820,-70.09961,44.1207,2016-10-01,-1.683668,2016,10,50.15382216533126
8348,152821,-70.09924,44.1207,2016-10-01,-1.537531,2016,10,50.15382216533126
8349,152822,-70.09886,44.1207,2016-10-01,-1.467305,2016,10,50.15382216533126
8350,152823,-70.09849,44.1207,2016-10-01,-1.508379,2016,10,50.15382216533126
8351,152824,-70.09811,44.1207,2016-10-01,-1.571498,2016,10,50.15382216533126
8352,152825,-70.09774,44.1207,2016-10-01,-1.644235,2016,10,50.15382216533126
8353,152826,-70.09736,44.1207,2016-10-01,-1.670125,2016,10,50.15382216533126
8354,152827,-70.09699,44.1207,2016-10-01,-1.647798,2016,10,50.15382216533126
8355,152828,-70.09661,44.1207,2016-10-01,-1.5514,2016,10,50.15382216533126
8356,152829,-70.09624,44.1207,2016-10-01,-1.423881,2016,10,50.15382216533126
8357,152830,-70.09586,44.1207,2016-10-01,-1.377144,2016,10,50.15382216533126
8358,152831,-70.09549,44.1207,2016-10-01,-1.384018,2016,10,50.15382216533126
8359,152832,-70.09511,44.1207,2016-10-01,-1.450645,2016,10,50.15382216533126
8360,152833,-70.09474,44.1207,2016-10-01,-1.594688,2016,10,50.15382216533126
8361,152834,-70.09436,44.1207,2016-10-01,-1.795224,2016,10,50.15382216533126
8362,152835,-70.09399,44.1207,2016-10-01,-2.084232,2016,10,10.030764433066253
8363,152836,-70.09361,44.1207,2016-10-01,-2.53094,2016,10,10.030764433066253
8364,152837,-70.09324,44.1207,2016-10-01,-3.053901,2016,10,10.030764433066253
8365,152838,-70.09286,44.1207,2016-10-01,-3.617727,2016,10,10.030764433066253
8366,152839,-70.09249,44.1207,2016-10-01,-4.040892,2016,10,10.030764433066253
8367,152840,-70.09211,44.1207,2016-10-01,-3.830524,2016,10,10.030764433066253
8368,152841,-70.09174,44.1207,2016-10-01,-3.003348,2016,10,10.030764433066253
8369,152842,-70.09136,44.1207,2016-10-01,-2.595554,2016,10,10.030764433066253
8370,152843,-70.10261,44.12043,2016-10-01,-1.878382,2016,10,50.15382216533126
8371,152844,-70.10224,44.12043,2016-10-01,-2.150609,2016,10,10.030764433066253
8372,152845,-70.10186,44.12043,2016-10-01,-2.321592,2016,10,10.030764433066253
8373,152846,-70.10149,44.12043,2016-10-01,-2.507565,2016,10,10.030764433066253
8374,152847,-70.10111,44.12043,2016-10-01,-2.559629,2016,10,10.030764433066253
8375,152848,-70.10074,44.12043,2016-10-01,-2.434667,2016,10,10.030764433066253
8376,152849,-70.10036,44.12043,2016-10-01,-2.327116,2016,10,10.030764433066253
8377,152850,-70.09999,44.12043,2016-10-01,-2.203852,2016,10,10.030764433066253
8378,152851,-70.09961,44.12043,2016-10-01,-2.102824,2016,10,10.030764433066253
8379,152852,-70.09924,44.12043,2016-10-01,-1.983572,2016,10,10.030764433066253
8380,152853,-70.09886,44.12043,2016-10-01,-1.937901,2016,10,50.15382216533126
8381,152854,-70.09849,44.12043,2016-10-01,-1.989228,2016,10,10.030764433066253
8382,152855,-70.09811,44.12043,2016-10-01,-2.051088,2016,10,10.030764433066253
8383,152856,-70.09774,44.12043,2016-10-01,-2.111716,2016,10,10.030764433066253
8384,152857,-70.09736,44.12043,2016-10-01,-2.100389,2016,10,10.030764433066253
8385,152858,-70.09699,44.12043,2016-10-01,-2.007335,2016,10,10.030764433066253
8386,152859,-70.09661,44.12043,2016-10-01,-1.824147,2016,10,50.15382216533126
8387,152860,-70.09624,44.12043,2016-10-01,-1.593711,2016,10,50.15382216533126
8388,152861,-70.09586,44.12043,2016-10-01,-1.4215,2016,10,50.15382216533126
8389,152862,-70.09549,44.12043,2016-10-01,-1.370894,2016,10,50.15382216533126
8390,152863,-70.09511,44.12043,2016-10-01,-1.445852,2016,10,50.15382216533126
8391,152864,-70.09474,44.12043,2016-10-01,-1.683718,2016,10,50.15382216533126
8392,152865,-70.09436,44.12043,2016-10-01,-2.067239,2016,10,10.030764433066253
8393,152866,-70.09399,44.12043,2016-10-01,-2.52255,2016,10,10.030764433066253
8394,152867,-70.09361,44.12043,2016-10-01,-3.063559,2016,10,10.030764433066253
8395,152868,-70.09324,44.12043,2016-10-01,-3.544117,2016,10,10.030764433066253
8396,152869,-70.09286,44.12043,2016-10-01,-3.88167,2016,10,10.030764433066253
8397,152870,-70.09249,44.12043,2016-10-01,-4.039074,2016,10,10.030764433066253
8398,152871,-70.09211,44.12043,2016-10-01,-3.435878,2016,10,10.030764433066253
8399,152872,-70.09174,44.12043,2016-10-01,-2.463042,2016,10,10.030764433066253
8400,152873,-70.09136,44.12043,2016-10-01,-2.389707,2016,10,10.030764433066253
8401,152874,-70.10186,44.12016,2016-10-01,-2.197855,2016,10,10.030764433066253
8402,152875,-70.10149,44.12016,2016-10-01,-2.522087,2016,10,10.030764433066253
8403,152876,-70.10111,44.12016,2016-10-01,-2.654372,2016,10,10.030764433066253
8404,152877,-70.10074,44.12016,2016-10-01,-2.497841,2016,10,10.030764433066253
8405,152878,-70.10036,44.12016,2016-10-01,-2.496324,2016,10,10.030764433066253
8406,152879,-70.09999,44.12016,2016-10-01,-2.45632,2016,10,10.030764433066253
8407,152880,-70.09961,44.12016,2016-10-01,-2.452023,2016,10,10.030764433066253
8408,152881,-70.09924,44.12016,2016-10-01,-2.382073,2016,10,10.030764433066253
8409,152882,-70.09886,44.12016,2016-10-01,-2.334294,2016,10,10.030764433066253
8410,152883,-70.09849,44.12016,2016-10-01,-2.402325,2016,10,10.030764433066253
8411,152884,-70.09811,44.12016,2016-10-01,-2.468071,2016,10,10.030764433066253
8412,152885,-70.09774,44.12016,2016-10-01,-2.508275,2016,10,10.030764433066253
8413,152886,-70.09736,44.12016,2016-10-01,-2.451571,2016,10,10.030764433066253
8414,152887,-70.09699,44.12016,2016-10-01,-2.283084,2016,10,10.030764433066253
8415,152888,-70.09661,44.12016,2016-10-01,-2.030892,2016,10,10.030764433066253
8416,152889,-70.09624,44.12016,2016-10-01,-1.789658,2016,10,50.15382216533126
8417,152890,-70.09586,44.12016,2016-10-01,-1.567263,2016,10,50.15382216533126
8418,152891,-70.09549,44.12016,2016-10-01,-1.465399,2016,10,50.15382216533126
8419,152892,-70.09511,44.12016,2016-10-01,-1.502659,2016,10,50.15382216533126
8420,152893,-70.09474,44.12016,2016-10-01,-1.764467,2016,10,50.15382216533126
8421,152894,-70.09436,44.12016,2016-10-01,-2.257618,2016,10,10.030764433066253
8422,152895,-70.09399,44.12016,2016-10-01,-2.825759,2016,10,10.030764433066253
8423,152896,-70.09361,44.12016,2016-10-01,-3.38833,2016,10,10.030764433066253
8424,152897,-70.09324,44.12016,2016-10-01,-3.777059,2016,10,10.030764433066253
8425,152898,-70.09286,44.12016,2016-10-01,-3.811937,2016,10,10.030764433066253
8426,152899,-70.09249,44.12016,2016-10-01,-3.788284,2016,10,10.030764433066253
8427,152900,-70.09211,44.12016,2016-10-01,-3.027012,2016,10,10.030764433066253
8428,152901,-70.09174,44.12016,2016-10-01,-1.973562,2016,10,10.030764433066253
8429,152902,-70.10149,44.11989,2016-10-01,-1.998585,2016,10,10.030764433066253
8430,152903,-70.10111,44.11989,2016-10-01,-2.320225,2016,10,10.030764433066253
8431,152904,-70.10074,44.11989,2016-10-01,-2.160966,2016,10,10.030764433066253
8432,152905,-70.10036,44.11989,2016-10-01,-2.315076,2016,10,10.030764433066253
8433,152906,-70.09999,44.11989,2016-10-01,-2.426303,2016,10,10.030764433066253
8434,152907,-70.09961,44.11989,2016-10-01,-2.535392,2016,10,10.030764433066253
8435,152908,-70.09924,44.11989,2016-10-01,-2.627326,2016,10,10.030764433066253
8436,152909,-70.09886,44.11989,2016-10-01,-2.556991,2016,10,10.030764433066253
8437,152910,-70.09849,44.11989,2016-10-01,-2.626223,2016,10,10.030764433066253
8438,152911,-70.09811,44.11989,2016-10-01,-2.696244,2016,10,10.030764433066253
8439,152912,-70.09774,44.11989,2016-10-01,-2.766799,2016,10,10.030764433066253
8440,152913,-70.09736,44.11989,2016-10-01,-2.716351,2016,10,10.030764433066253
8441,152914,-70.09699,44.11989,2016-10-01,-2.539346,2016,10,10.030764433066253
8442,152915,-70.09661,44.11989,2016-10-01,-2.267349,2016,10,10.030764433066253
8443,152916,-70.09624,44.11989,2016-10-01,-2.024472,2016,10,10.030764433066253
8444,152917,-70.09586,44.11989,2016-10-01,-1.779187,2016,10,50.15382216533126
8445,152918,-70.09549,44.11989,2016-10-01,-1.64999,2016,10,50.15382216533126
8446,152919,-70.09511,44.11989,2016-10-01,-1.642612,2016,10,50.15382216533126
8447,152920,-70.09474,44.11989,2016-10-01,-1.86992,2016,10,50.15382216533126
8448,152921,-70.09436,44.11989,2016-10-01,-2.365432,2016,10,10.030764433066253
8449,152922,-70.09399,44.11989,2016-10-01,-2.915495,2016,10,10.030764433066253
8450,152923,-70.09361,44.11989,2016-10-01,-3.322537,2016,10,10.030764433066253
8451,152924,-70.09324,44.11989,2016-10-01,-3.510987,2016,10,10.030764433066253
8452,152925,-70.09286,44.11989,2016-10-01,-3.297951,2016,10,10.030764433066253
8453,152926,-70.09249,44.11989,2016-10-01,-3.008313,2016,10,10.030764433066253
8454,152927,-70.09961,44.11962,2016-10-01,-2.11598,2016,10,10.030764433066253
8455,152928,-70.09924,44.11962,2016-10-01,-2.408761,2016,10,10.030764433066253
8456,152929,-70.09886,44.11962,2016-10-01,-2.435752,2016,10,10.030764433066253
8457,152930,-70.09849,44.11962,2016-10-01,-2.694493,2016,10,10.030764433066253
8458,152931,-70.09811,44.11962,2016-10-01,-2.837835,2016,10,10.030764433066253
8459,152932,-70.09774,44.11962,2016-10-01,-2.959463,2016,10,10.030764433066253
8460,152933,-70.09736,44.11962,2016-10-01,-2.916472,2016,10,10.030764433066253
8461,152934,-70.09699,44.11962,2016-10-01,-2.769398,2016,10,10.030764433066253
8462,152935,-70.09661,44.11962,2016-10-01,-2.530124,2016,10,10.030764433066253
8463,152936,-70.09624,44.11962,2016-10-01,-2.302004,2016,10,10.030764433066253
8464,152937,-70.09586,44.11962,2016-10-01,-2.086909,2016,10,10.030764433066253
8465,152938,-70.09549,44.11962,2016-10-01,-1.961947,2016,10,10.030764433066253
8466,152939,-70.09511,44.11962,2016-10-01,-1.968148,2016,10,10.030764433066253
8467,152940,-70.09474,44.11962,2016-10-01,-2.163177,2016,10,10.030764433066253
8468,152941,-70.09436,44.11962,2016-10-01,-2.452984,2016,10,10.030764433066253
8469,152942,-70.09399,44.11962,2016-10-01,-2.690257,2016,10,10.030764433066253
8470,152943,-70.09361,44.11962,2016-10-01,-2.912087,2016,10,10.030764433066253
8471,152944,-70.09324,44.11962,2016-10-01,-3.194363,2016,10,10.030764433066253
8472,152945,-70.09286,44.11962,2016-10-01,-2.895352,2016,10,10.030764433066253
8473,152946,-70.09886,44.11935,2016-10-01,-2.138254,2016,10,10.030764433066253
8474,152947,-70.09849,44.11935,2016-10-01,-2.665128,2016,10,10.030764433066253
8475,152948,-70.09811,44.11935,2016-10-01,-3.050796,2016,10,10.030764433066253
8476,152949,-70.09774,44.11935,2016-10-01,-3.360121,2016,10,10.030764433066253
8477,152950,-70.09736,44.11935,2016-10-01,-3.215041,2016,10,10.030764433066253
8478,152951,-70.09699,44.11935,2016-10-01,-2.831524,2016,10,10.030764433066253
8479,152952,-70.09661,44.11935,2016-10-01,-2.485905,2016,10,10.030764433066253
8480,152953,-70.09624,44.11935,2016-10-01,-2.282721,2016,10,10.030764433066253
8481,152954,-70.09586,44.11935,2016-10-01,-2.115582,2016,10,10.030764433066253
8482,152955,-70.09549,44.11935,2016-10-01,-2.049709,2016,10,10.030764433066253
8483,152956,-70.09511,44.11935,2016-10-01,-2.117494,2016,10,10.030764433066253
8484,152957,-70.09474,44.11935,2016-10-01,-2.267552,2016,10,10.030764433066253
8485,152958,-70.09436,44.11935,2016-10-01,-2.352709,2016,10,10.030764433066253
8486,152959,-70.09399,44.11935,2016-10-01,-2.511418,2016,10,10.030764433066253
8487,152960,-70.09361,44.11935,2016-10-01,-2.290262,2016,10,10.030764433066253
8488,152961,-70.09811,44.11908,2016-10-01,-3.376561,2016,10,10.030764433066253
8489,152962,-70.09774,44.11908,2016-10-01,-4.128129,2016,10,10.030764433066253
8490,152963,-70.09736,44.11908,2016-10-01,-3.648278,2016,10,10.030764433066253
8491,152964,-70.09699,44.11908,2016-10-01,-2.73632,2016,10,10.030764433066253
8492,152965,-70.09661,44.11908,2016-10-01,-2.188172,2016,10,10.030764433066253
8493,152966,-70.09624,44.11908,2016-10-01,-2.019812,2016,10,10.030764433066253
8494,152967,-70.09586,44.11908,2016-10-01,-1.858307,2016,10,50.15382216533126
8495,152968,-70.09549,44.11908,2016-10-01,-1.81736,2016,10,50.15382216533126
8496,152969,-70.09511,44.11908,2016-10-01,-1.859293,2016,10,50.15382216533126
8497,152970,-70.09474,44.11908,2016-10-01,-1.935918,2016,10,50.15382216533126
8498,152971,-70.09436,44.11908,2016-10-01,-1.700569,2016,10,50.15382216533126
8499,152972,-70.09886,44.11881,2016-10-01,-2.907749,2016,10,10.030764433066253
8500,152973,-70.09849,44.11881,2016-10-01,-3.806875,2016,10,10.030764433066253
8501,152974,-70.09811,44.11881,2016-10-01,-4.489259,2016,10,10.030764433066253
8502,152975,-70.09774,44.11881,2016-10-01,-4.680572,2016,10,10.030764433066253
8503,152976,-70.09736,44.11881,2016-10-01,-4.225476,2016,10,10.030764433066253
8504,152977,-70.09886,44.11854,2016-10-01,-2.894309,2016,10,10.030764433066253
8505,152978,-70.09849,44.11854,2016-10-01,-3.797572,2016,10,10.030764433066253
8506,152979,-70.09811,44.11854,2016-10-01,-4.406209,2016,10,10.030764433066253
8507,152980,-70.09774,44.11854,2016-10-01,-4.463645,2016,10,10.030764433066253
8508,152981,-70.09736,44.11854,2016-10-01,-4.008003,2016,10,10.030764433066253
8509,152982,-70.09886,44.11827,2016-10-01,-2.88087,2016,10,10.030764433066253
8510,152983,-70.09849,44.11827,2016-10-01,-3.788268,2016,10,10.030764433066253
8511,152984,-70.09811,44.11827,2016-10-01,-4.400439,2016,10,10.030764433066253
8512,152985,-70.09774,44.11827,2016-10-01,-4.472789,2016,10,10.030764433066253
